1304
20 ( 1.5963, -0.102312)
21 ( 1.55483, -0.299375)
21 ( 1.51624, -0.488275)
21 ( 1.48128, -0.669038)
21 ( 1.45072, -0.841694)
21 ( 1.47311, -0.930526)
21 ( 1.40152, -0.919455)
20 ( 1.42529, -1.00627)
20 ( 1.45069, -1.09003)
20 ( 1.37881, -1.08105)
20 ( 1.40578, -1.16279)
20 ( 1.43455, -1.24118)
20 ( 1.36238, -1.23491)
19 ( 1.39291, -1.3113)
20 ( 1.42541, -1.38396)
19 ( 1.4599, -1.45259)
20 ( 1.35302, -1.38113)
19 ( 1.38746, -1.4518)
20 ( 1.42397, -1.51833)
20 ( 1.46251, -1.58037)
20 ( 1.31502, -1.45101)
19 ( 1.35154, -1.5198)
20 ( 1.39018, -1.58434)
19 ( 1.4309, -1.64427)
19 ( 1.4736, -1.69921)
20 ( 1.31785, -1.58831)
20 ( 1.35877, -1.65099)
20 ( 1.40182, -1.70894)
20 ( 1.44685, -1.76177)
19 ( 1.49367, -1.8091)
20 ( 1.33003, -1.71867)
20 ( 1.37559, -1.77477)
20 ( 1.42313, -1.82562)
20 ( 1.47243, -1.87087)
19 ( 1.52315, -1.9102)
20 ( 1.57491, -1.94337)
19 ( 1.3526, -1.84214)
20 ( 1.40288, -1.89115)
20 ( 1.45488, -1.93443)
20 ( 1.50824, -1.97171)
20 ( 1.56255, -2.00283)
20 ( 1.61735, -2.02776)
20 ( 1.38661, -1.95865)
20 ( 1.44157, -2.00005)
20 ( 1.49782, -2.03537)
20 ( 1.55493, -2.06453)
20 ( 1.61246, -2.08754)
19 ( 1.66977, -2.1042)
19 ( 1.3749, -2.02839)
19 ( 1.4331, -2.06792)
20 ( 1.49252, -2.10129)
19 ( 1.5527, -2.12849)
20 ( 1.61311, -2.14933)
20 ( 1.67289, -2.16333)
20 ( 1.73104, -2.17002)
19 ( 1.4301, -2.13806)
20 ( 1.49294, -2.16944)
20 ( 1.55644, -2.19446)
20 ( 1.61984, -2.21267)
20 ( 1.68223, -2.22355)
19 ( 1.74248, -2.2267)
18 ( 1.7993, -2.2219)
20 ( 1.85133, -2.20924)
20 ( 1.49977, -2.23959)
17 ( 1.5668, -2.262)
20 ( 1.63342, -2.27708)
20 ( 1.69862, -2.28436)
19 ( 1.76119, -2.2835)
20 ( 1.81981, -2.27446)
20 ( 1.87313, -2.25753)
20 ( 1.92004, -2.23345)
20 ( 1.58461, -2.33061)
20 ( 1.65476, -2.34201)
20 ( 1.72308, -2.34511)
20 ( 1.78828, -2.33968)
20 ( 1.84901, -2.32584)
20 ( 1.90406, -2.30411)
19 ( 1.95254, -2.2754)
19 ( 1.9942, -2.24088)
20 ( 1.68497, -2.40672)
19 ( 1.75675, -2.4049)
20 ( 1.82489, -2.39415)
20 ( 1.88807, -2.37476)
19 ( 1.9452, -2.34747)
19 ( 1.99572, -2.3133)
20 ( 2.03971, -2.27339)
20 ( 2.07849, -2.22862)
20 ( 1.72522, -2.47012)
20 ( 1.80078, -2.46246)
20 ( 1.87208, -2.44542)
20 ( 1.93786, -2.41954)
20 ( 1.99724, -2.38573)
19 ( 2.04998, -2.3451)
20 ( 2.09671, -2.29873)
20 ( 2.13833, -2.24768)
20 ( 2.17509, -2.19287)
20 ( 1.85609, -2.51608)
20 ( 1.93051, -2.49161)
20 ( 1.99876, -2.45816)
20 ( 2.06024, -2.41682)
20 ( 2.11492, -2.36885)
20 ( 2.16341, -2.31565)
20 ( 2.20622, -2.25828)
20 ( 2.24339, -2.19764)
19 ( 2.27464, -2.1346)
20 ( 2.29947, -2.07015)
20 ( 2.00028, -2.53058)
19 ( 2.0705, -2.48853)
20 ( 2.13313, -2.43896)
20 ( 2.18849, -2.38361)
19 ( 2.23734, -2.3237)
20 ( 2.27994, -2.26018)
20 ( 2.31619, -2.19395)
20 ( 2.34569, -2.12593)
20 ( 2.36791, -2.05722)
20 ( 2.38222, -1.98909)
20 ( 2.15135, -2.50908)
20 ( 2.21357, -2.45157)
20 ( 2.26846, -2.38912)
19 ( 2.3165, -2.32272)
20 ( 2.35774, -2.25329)
19 ( 2.39192, -2.1817)
20 ( 2.41858, -2.10899)
20 ( 2.43714, -2.03633)
20 ( 2.44703, -1.96514)
20 ( 2.44782, -1.89706)
20 ( 2.29958, -2.45453)
20 ( 2.35305, -2.38527)
20 ( 2.39929, -2.31263)
20 ( 2.43815, -2.23748)
20 ( 2.46925, -2.16076)
20 ( 2.49205, -2.08357)
18 ( 2.506, -2.00721)
18 ( 2.5106, -1.9332)
20 ( 2.50558, -1.86329)
20 ( 2.49128, -1.79883)
20 ( 2.44084, -2.37197)
20 ( 2.48437, -2.29326)
20 ( 2.51991, -2.21254)
20 ( 2.54697, -2.13082)
20 ( 2.56497, -2.04928)
20 ( 2.57338, -1.96934)
20 ( 2.57181, -1.89264)
20 ( 2.56036, -1.82066)
20 ( 2.54064, -1.75258)
20 ( 2.51443, -1.68717)
19 ( 2.5306, -2.34903)
20 ( 2.57058, -2.26431)
20 ( 2.60189, -2.17806)
20 ( 2.62395, -2.09135)
20 ( 2.63616, -2.00549)
20 ( 2.63804, -1.92199)
20 ( 2.62943, -1.84249)
20 ( 2.61158, -1.76727)
20 ( 2.58639, -1.69548)
20 ( 2.55534, -1.62603)
20 ( 2.51948, -1.55787)
18 ( 2.4796, -1.4901)
19 ( 2.65681, -2.2253)
20 ( 2.68292, -2.13342)
20 ( 2.69894, -2.04163)
20 ( 2.70427, -1.95134)
20 ( 2.69851, -1.86431)
20 ( 2.68252, -1.78196)
20 ( 2.65836, -1.70379)
20 ( 2.62773, -1.62882)
19 ( 2.5919, -1.55601)
19 ( 2.55182, -1.4844)
20 ( 2.50821, -1.41321)
20 ( 2.46165, -1.34178)
20 ( 2.76173, -2.07777)
19 ( 2.7705, -1.98069)
20 ( 2.76759, -1.88614)
20 ( 2.75345, -1.79665)
19 ( 2.73032, -1.7121)
20 ( 2.70012, -1.63161)
20 ( 2.66432, -1.55414)
20 ( 2.62404, -1.47871)
20 ( 2.58012, -1.40444)
20 ( 2.53323, -1.33061)
20 ( 2.48394, -1.25662)
20 ( 2.43279, -1.18198)
20 ( 2.83666, -1.90796)
20 ( 2.82439, -1.81135)
20 ( 2.80229, -1.72041)
19 ( 2.77251, -1.6344)
20 ( 2.73674, -1.55228)
20 ( 2.69626, -1.47301)
20 ( 2.65203, -1.39567)
19 ( 2.6048, -1.31944)
20 ( 2.55522, -1.24367)
20 ( 2.50384, -1.16781)
20 ( 2.45117, -1.09136)
20 ( 2.39774, -1.01387)
20 ( 2.87425, -1.72872)
20 ( 2.84489, -1.63718)
20 ( 2.80916, -1.55041)
20 ( 2.76848, -1.46732)
19 ( 2.72394, -1.3869)
20 ( 2.67638, -1.30827)
20 ( 2.62649, -1.23072)
20 ( 2.57488, -1.15364)
19 ( 2.52207, -1.0765)
20 ( 2.4686, -0.998812)
21 ( 2.41499, -0.920108)
21 ( 2.36177, -0.839873)
20 ( 2.88158, -1.54855)
20 ( 2.84069, -1.46162)
20 ( 2.79584, -1.37812)
20 ( 2.74796, -1.29711)
20 ( 2.69777, -1.21777)
20 ( 2.64592, -1.13947)
20 ( 2.59297, -1.06163)
21 ( 2.53946, -0.983753)
21 ( 2.48591, -0.905353)
21 ( 2.43285, -0.825927)
21 ( 2.38085, -0.744915)
21 ( 2.33053, -0.661657)
21 ( 2.28261, -0.575362)
20 ( 2.91291, -1.45593)
20 ( 2.86775, -1.36935)
20 ( 2.81953, -1.28594)
20 ( 2.76905, -1.20482)
19 ( 2.71696, -1.1253)
20 ( 2.66388, -1.04677)
21 ( 2.61032, -0.968695)
21 ( 2.55684, -0.890597)
21 ( 2.50394, -0.811981)
21 ( 2.45219, -0.732309)
21 ( 2.40217, -0.650964)
21 ( 2.35459, -0.567209)
20 ( 2.31027, -0.48016)
21 ( 2.27027, -0.388776)
20 ( 2.89111, -1.27477)
20 ( 2.84032, -1.19187)
20 ( 2.78801, -1.11113)
19 ( 2.73478, -1.0319)
21 ( 2.68118, -0.953636)
21 ( 2.62776, -0.875842)
21 ( 2.57503, -0.798034)
21 ( 2.52352, -0.719703)
21 ( 2.47382, -0.640271)
21 ( 2.42657, -0.559057)
21 ( 2.38255, -0.475245)
21 ( 2.34271, -0.387866)
21 ( 2.30833, -0.295829)
21 ( 2.28111, -0.198011)
20 ( 2.85905, -1.09696)
20 ( 2.80568, -1.01704)
21 ( 2.75204, -0.938577)
21 ( 2.69868, -0.861087)
21 ( 2.64611, -0.784088)
21 ( 2.59486, -0.707097)
21 ( 2.54547, -0.629578)
21 ( 2.49855, -0.550905)
21 ( 2.45482, -0.470329)
21 ( 2.41515, -0.386957)
21 ( 2.38067, -0.299762)
20 ( 2.3529, -0.207659)
21 ( 2.33383, -0.109683)
23 ( 2.32591, -0.00529078)
20 ( 2.8229, -0.923519)
21 ( 2.76961, -0.846331)
20 ( 2.7172, -0.770142)
20 ( 2.6662, -0.694492)
21 ( 2.61712, -0.618885)
21 ( 2.57054, -0.542752)
20 ( 2.5271, -0.465413)
21 ( 2.48758, -0.386047)
19 ( 2.453, -0.303695)
20 ( 2.4247, -0.217308)
21 ( 2.40443, -0.125893)
22 ( 2.39444, -0.0287738)
21 ( 2.39692, 0.0733575)
20 ( 2.41198, 0.177264)
21 ( 2.78829, -0.756196)
21 ( 2.73753, -0.681886)
21 ( 2.68877, -0.608192)
19 ( 2.64252, -0.5346)
21 ( 2.59937, -0.460498)
21 ( 2.56002, -0.385138)
21 ( 2.52534, -0.307628)
20 ( 2.4965, -0.226957)
21 ( 2.47504, -0.142102)
22 ( 2.46297, -0.0522569)
21 ( 2.46241, 0.0423834)
20 ( 2.47378, 0.139477)
20 ( 2.49699, 0.237428)
20 ( 2.53186, 0.334881)
21 ( 2.76042, -0.597499)
20 ( 2.7145, -0.526448)
21 ( 2.67165, -0.455582)
21 ( 2.63245, -0.384229)
21 ( 2.59768, -0.311562)
21 ( 2.56829, -0.236605)
21 ( 2.54565, -0.158312)
21 ( 2.5315, -0.0757399)
21 ( 2.52789, 0.0114093)
20 ( 2.53559, 0.101691)
20 ( 2.55461, 0.193526)
20 ( 2.58486, 0.285499)
20 ( 2.62627, 0.376315)
20 ( 2.67881, 0.464754)
20 ( 2.74263, 0.549592)
21 ( 2.78648, -0.518296)
21 ( 2.74392, -0.450666)
21 ( 2.70489, -0.383319)
21 ( 2.67001, -0.315495)
21 ( 2.64009, -0.246254)
21 ( 2.61625, -0.174521)
21 ( 2.60004, -0.099223)
22 ( 2.59338, -0.0195649)
20 ( 2.5974, 0.0639042)
20 ( 2.61223, 0.149624)
20 ( 2.63787, 0.236117)
20 ( 2.67423, 0.322027)
20 ( 2.72131, 0.406087)
19 ( 2.77919, 0.48705)
20 ( 2.84813, 0.563596)
20 ( 2.92851, 0.634216)
20 ( 2.77733, -0.38241)
21 ( 2.74235, -0.319428)
21 ( 2.71189, -0.255903)
21 ( 2.68686, -0.190731)
21 ( 2.66857, -0.122706)
21 ( 2.65887, -0.050539)
20 ( 2.6592, 0.0261177)
20 ( 2.66986, 0.105722)
20 ( 2.69087, 0.186735)
18 ( 2.7222, 0.26774)
20 ( 2.76381, 0.347421)
20 ( 2.81575, 0.424508)
20 ( 2.87821, 0.497694)
20 ( 2.95151, 0.565521)
20 ( 3.03608, 0.626258)
20 ( 3.13231, 0.677768)
21 ( 2.78368, -0.265551)
20 ( 2.75746, -0.20694)
20 ( 2.7371, -0.146189)
22 ( 2.72435, -0.0815131)
22 ( 2.72101, -0.0116688)
21 ( 2.72748, 0.0618205)
20 ( 2.74387, 0.137354)
20 ( 2.77016, 0.213452)
19 ( 2.8063, 0.288754)
19 ( 2.8523, 0.361966)
20 ( 2.90828, 0.431792)
20 ( 2.97451, 0.496827)
20 ( 3.05134, 0.555441)
19 ( 3.13915, 0.60565)
18 ( 3.238, 0.645033)
20 ( 3.34467, 0.671563)
21 ( 2.80563, -0.169672)
21 ( 2.78984, -0.112487)
22 ( 2.78282, -0.0494553)
20 ( 2.7851, 0.0179185)
21 ( 2.79688, 0.0879719)
20 ( 2.81813, 0.159165)
19 ( 2.8488, 0.230087)
20 ( 2.88886, 0.299424)
19 ( 2.93836, 0.36589)
20 ( 2.99751, 0.428132)
19 ( 3.0666, 0.484624)
20 ( 3.14599, 0.533531)
20 ( 3.23581, 0.572624)
20 ( 3.33373, 0.599953)
20 ( 3.43723, 0.614934)
20 ( 3.54459, 0.617416)
22 ( 2.84462, -0.0872418)
22 ( 2.84273, -0.0259834)
21 ( 2.84988, 0.0385901)
19 ( 2.8661, 0.104877)
18 ( 2.8913, 0.17142)
20 ( 2.92542, 0.236882)
20 ( 2.96844, 0.299987)
19 ( 3.0205, 0.359438)
20 ( 3.08185, 0.413806)
20 ( 3.15282, 0.461412)
20 ( 3.23363, 0.500215)
20 ( 3.32278, 0.528343)
19 ( 3.41818, 0.54504)
19 ( 3.51813, 0.54998)
20 ( 3.62107, 0.543021)
20 ( 3.72562, 0.524078)
22 ( 2.90288, -0.0107916)
21 ( 2.91406, 0.0505897)
19 ( 2.9338, 0.112754)
19 ( 2.96197, 0.17434)
20 ( 2.99852, 0.234085)
19 ( 3.0435, 0.290743)
20 ( 3.09711, 0.342989)
20 ( 3.15966, 0.389293)
20 ( 3.23144, 0.427806)
20 ( 3.31183, 0.456733)
20 ( 3.39914, 0.475146)
20 ( 3.49166, 0.482545)
19 ( 3.58782, 0.47866)
20 ( 3.68616, 0.463326)
20 ( 3.78539, 0.436377)
20 ( 3.88428, 0.397554)
19 ( 2.9763, 0.054087)
20 ( 2.99853, 0.111798)
19 ( 3.0286, 0.168183)
19 ( 3.0665, 0.222049)
20 ( 3.11237, 0.272172)
19 ( 3.1665, 0.317174)
20 ( 3.22926, 0.355396)
20 ( 3.30088, 0.385122)
20 ( 3.38009, 0.405252)
18 ( 3.4652, 0.41511)
20 ( 3.55457, 0.414298)
19 ( 3.6467, 0.402575)
20 ( 3.74022, 0.379741)
20 ( 3.83385, 0.345544)
19 ( 3.92635, 0.29962)
19 ( 4.0164, 0.241449)
21 ( 3.03508, 0.0492562)
19 ( 3.05868, 0.10228)
19 ( 3.0895, 0.153354)
20 ( 3.12763, 0.201355)
20 ( 3.17333, 0.245056)
20 ( 3.22707, 0.282987)
20 ( 3.28994, 0.313512)
20 ( 3.36105, 0.335358)
20 ( 3.43874, 0.347674)
20 ( 3.52132, 0.349936)
20 ( 3.60724, 0.341823)
20 ( 3.69505, 0.323104)
20 ( 3.78343, 0.293535)
20 ( 3.87109, 0.252783)
20 ( 3.95672, 0.200388)
20 ( 4.03887, 0.135747)
19 ( 4.1158, 0.058169)
18 ( 3.1125, 0.08466)
20 ( 3.14289, 0.130538)
20 ( 3.18017, 0.172937)
20 ( 3.22489, 0.210578)
20 ( 3.27899, 0.241902)
18 ( 3.342, 0.265464)
20 ( 3.41227, 0.280239)
20 ( 3.48808, 0.285574)
20 ( 3.56778, 0.281072)
20 ( 3.64988, 0.266468)
18 ( 3.733, 0.241525)
20 ( 3.81582, 0.205947)
20 ( 3.89704, 0.159327)
20 ( 3.97523, 0.101128)
21 ( 4.04876, 0.0307123)
22 ( 4.11539, -0.0512532)
21 ( 4.17347, -0.141243)
21 ( 4.22313, -0.237142)
20 ( 3.18701, 0.100818)
19 ( 3.2227, 0.138169)
20 ( 3.26804, 0.170292)
19 ( 3.32296, 0.19557)
20 ( 3.38581, 0.212803)
20 ( 3.45483, 0.221212)
19 ( 3.52832, 0.22032)
20 ( 3.60471, 0.209832)
20 ( 3.68257, 0.189515)
19 ( 3.76056, 0.15911)
20 ( 3.83736, 0.118266)
19 ( 3.9116, 0.066509)
22 ( 3.98173, 0.00325564)
22 ( 4.04575, -0.0711828)
20 ( 4.1022, -0.154215)
21 ( 4.15101, -0.243948)
21 ( 4.19262, -0.338624)
21 ( 4.22779, -0.436714)
21 ( 3.25709, 0.0986818)
20 ( 3.30392, 0.125676)
20 ( 3.35935, 0.145368)
19 ( 3.42158, 0.15685)
20 ( 3.48886, 0.159569)
20 ( 3.55955, 0.153196)
20 ( 3.63215, 0.137506)
20 ( 3.70529, 0.112274)
21 ( 3.77768, 0.0772054)
19 ( 3.84796, 0.03189)
21 ( 3.91469, -0.024201)
21 ( 3.9761, -0.0911125)
21 ( 4.03093, -0.167187)
21 ( 4.07889, -0.250755)
20 ( 4.1202, -0.340134)
20 ( 4.1554, -0.433788)
21 ( 4.18527, -0.530383)
20 ( 4.2107, -0.628773)
21 ( 3.33288, 0.0779327)
21 ( 3.38833, 0.0924879)
20 ( 3.4494, 0.0988172)
21 ( 3.51438, 0.0965599)
21 ( 3.58172, 0.0854959)
21 ( 3.65003, 0.0654372)
19 ( 3.718, 0.0361446)
23 ( 3.78433, -0.00272903)
22 ( 3.84765, -0.0516577)
21 ( 3.90645, -0.111042)
20 ( 3.95965, -0.18016)
21 ( 4.00677, -0.257561)
21 ( 4.04777, -0.341644)
21 ( 4.08302, -0.430862)
21 ( 4.11313, -0.523828)
21 ( 4.13888, -0.619323)
21 ( 4.16113, -0.716273)
21 ( 4.18077, -0.813706)
21 ( 3.40994, 0.0380657)
21 ( 3.46921, 0.0399238)
21 ( 3.53129, 0.0334862)
21 ( 3.59476, 0.0186007)
23 ( 3.65831, -0.00491623)
22 ( 3.72069, -0.0373481)
22 ( 3.78061, -0.0791144)
21 ( 3.83681, -0.130972)
21 ( 3.88838, -0.193132)
21 ( 3.93465, -0.264368)
21 ( 3.97535, -0.343153)
21 ( 4.01064, -0.427936)
21 ( 4.04098, -0.517273)
21 ( 4.06706, -0.609873)
21 ( 4.08963, -0.704591)
21 ( 4.10956, -0.800391)
21 ( 4.12772, -0.896307)
21 ( 4.14497, -0.991405)
22 ( 3.48087, -0.0185236)
21 ( 3.5395, -0.0282358)
21 ( 3.59863, -0.045977)
22 ( 3.65706, -0.0719671)
21 ( 3.71358, -0.106571)
21 ( 3.76716, -0.150901)
21 ( 3.81711, -0.206104)
21 ( 3.86253, -0.271174)
21 ( 3.90292, -0.344663)
21 ( 3.93825, -0.425011)
21 ( 3.96884, -0.510718)
21 ( 3.99523, -0.600424)
21 ( 4.01814, -0.692909)
21 ( 4.03835, -0.787075)
20 ( 4.05672, -0.88191)
21 ( 4.07409, -0.976443)
20 ( 4.09133, -1.06971)
19 ( 4.10927, -1.1607)
22 ( 3.53895, -0.0870379)
21 ( 3.59342, -0.106586)
21 ( 3.64654, -0.134028)
21 ( 3.69751, -0.170831)
21 ( 3.74584, -0.219076)
19 ( 3.7904, -0.27798)
21 ( 3.83049, -0.346173)
21 ( 3.86587, -0.422085)
20 ( 3.8967, -0.504163)
21 ( 3.92341, -0.590974)
21 ( 3.94665, -0.681226)
20 ( 3.96715, -0.77376)
21 ( 3.98572, -0.867512)
20 ( 4.00321, -0.96148)
20 ( 4.02046, -1.05468)
20 ( 4.03832, -1.14611)
19 ( 4.05758, -1.2347)
18 ( 4.079, -1.31931)
20 ( 3.5795, -0.161484)
21 ( 3.62787, -0.190761)
21 ( 3.67457, -0.232048)
21 ( 3.71828, -0.284787)
21 ( 3.75807, -0.347683)
21 ( 3.79349, -0.419159)
21 ( 3.82455, -0.497608)
21 ( 3.85159, -0.581524)
21 ( 3.87515, -0.669544)
21 ( 3.89594, -0.760445)
21 ( 3.91472, -0.853115)
21 ( 3.93233, -0.946518)
19 ( 3.9496, -1.03965)
20 ( 3.96736, -1.13151)
20 ( 3.98643, -1.22105)
20 ( 4.00759, -1.30714)
20 ( 4.03152, -1.38852)
20 ( 4.05877, -1.46379)
19 ( 3.6033, -0.24502)
21 ( 3.64616, -0.291593)
21 ( 3.68564, -0.349192)
20 ( 3.7211, -0.416233)
21 ( 3.75241, -0.491053)
21 ( 3.77976, -0.572075)
21 ( 3.80366, -0.657862)
20 ( 3.82473, -0.74713)
21 ( 3.84373, -0.838718)
21 ( 3.86145, -0.931555)
20 ( 3.87873, -1.02462)
19 ( 3.8964, -1.11692)
19 ( 3.91529, -1.2074)
20 ( 3.93618, -1.29497)
20 ( 3.95978, -1.37842)
19 ( 3.98671, -1.4564)
20 ( 4.01737, -1.52742)
19 ( 4.05191, -1.5898)
21 ( 3.57404, -0.298399)
21 ( 3.61321, -0.350702)
21 ( 3.64872, -0.413307)
21 ( 3.68026, -0.484499)
21 ( 3.70794, -0.562625)
20 ( 3.73216, -0.64618)
21 ( 3.75352, -0.733814)
20 ( 3.77273, -0.82432)
21 ( 3.79057, -0.916593)
19 ( 3.80786, -1.0096)
20 ( 3.82545, -1.10232)
20 ( 3.84415, -1.19374)
20 ( 3.86476, -1.28279)
20 ( 3.88805, -1.36831)
20 ( 3.91464, -1.44902)
20 ( 3.94504, -1.52346)
20 ( 3.97946, -1.59005)
19 ( 4.0178, -1.64711)
20 ( 4.05942, -1.69298)
21 ( 3.57634, -0.410381)
21 ( 3.60812, -0.477944)
21 ( 3.63612, -0.553175)
21 ( 3.66067, -0.634497)
21 ( 3.68231, -0.720499)
21 ( 3.70173, -0.809923)
20 ( 3.71969, -0.90163)
19 ( 3.737, -0.994567)
20 ( 3.75449, -1.08772)
18 ( 3.773, -1.18009)
20 ( 3.79335, -1.27062)
20 ( 3.81631, -1.35821)
20 ( 3.84258, -1.44163)
18 ( 3.8727, -1.5195)
20 ( 3.90702, -1.59031)
20 ( 3.94555, -1.65243)
20 ( 3.98786, -1.70424)
20 ( 4.03301, -1.74438)
20 ( 4.07958, -1.77209)
21 ( 3.56429, -0.543726)
21 ( 3.58918, -0.622815)
21 ( 3.61111, -0.707184)
21 ( 3.63074, -0.795525)
21 ( 3.64881, -0.886668)
21 ( 3.66613, -0.979539)
20 ( 3.68353, -1.07313)
20 ( 3.70186, -1.16644)
20 ( 3.72194, -1.25845)
20 ( 3.74458, -1.34811)
20 ( 3.77051, -1.43424)
20 ( 3.80037, -1.51553)
20 ( 3.83458, -1.59056)
19 ( 3.8733, -1.65775)
18 ( 3.9163, -1.7155)
19 ( 3.96284, -1.7624)
20 ( 4.01175, -1.79753)
19 ( 4.06227, -1.8225)
19 ( 4.11408, -1.8399)
20 ( 3.5399, -0.693869)
21 ( 3.55974, -0.781128)
21 ( 3.57793, -0.871705)
21 ( 3.59527, -0.964511)
20 ( 3.61258, -1.05853)
20 ( 3.63071, -1.15278)
20 ( 3.65053, -1.24628)
20 ( 3.67284, -1.33801)
20 ( 3.69845, -1.42685)
20 ( 3.72803, -1.51157)
20 ( 3.76214, -1.59081)
20 ( 3.80106, -1.66307)
20 ( 3.84474, -1.72676)
20 ( 3.89268, -1.78042)
20 ( 3.94392, -1.82297)
20 ( 3.99768, -1.85529)
20 ( 4.05331, -1.87933)
20 ( 4.10965, -1.89546)
20 ( 4.16554, -1.90392)
21 ( 3.50705, -0.856743)
20 ( 3.5244, -0.949483)
20 ( 3.54162, -1.04393)
20 ( 3.55957, -1.13913)
20 ( 3.57911, -1.23411)
20 ( 3.60111, -1.32791)
20 ( 3.62638, -1.41946)
19 ( 3.6557, -1.50761)
19 ( 3.6897, -1.59107)
20 ( 3.72881, -1.66838)
20 ( 3.77318, -1.73802)
20 ( 3.82251, -1.79844)
20 ( 3.87609, -1.84841)
20 ( 3.93309, -1.88809)
20 ( 3.99253, -1.91875)
20 ( 4.05317, -1.94083)
19 ( 4.1138, -1.95461)
20 ( 4.17313, -1.96026)
20 ( 4.22976, -1.95789)
20 ( 3.47066, -1.02934)
20 ( 3.48843, -1.12547)
19 ( 3.5077, -1.22194)
19 ( 3.52938, -1.3178)
20 ( 3.55432, -1.41207)
20 ( 3.58337, -1.50365)
20 ( 3.61726, -1.59132)
19 ( 3.65656, -1.6737)
20 ( 3.70161, -1.74927)
20 ( 3.75235, -1.81646)
20 ( 3.80826, -1.87385)
20 ( 3.86849, -1.92088)
20 ( 3.93175, -1.95817)
18 ( 3.9967, -1.9862)
20 ( 4.06205, -2.00531)
20 ( 4.12653, -2.01572)
19 ( 4.18874, -2.0176)
20 ( 4.24716, -2.01115)
20 ( 4.30009, -1.99669)
20 ( 3.43629, -1.20977)
19 ( 3.45764, -1.3077)
20 ( 3.48226, -1.40468)
20 ( 3.51103, -1.49969)
20 ( 3.54481, -1.59157)
20 ( 3.58432, -1.67902)
20 ( 3.63005, -1.76053)
20 ( 3.68218, -1.83448)
20 ( 3.74044, -1.89929)
19 ( 3.8039, -1.95368)
19 ( 3.87098, -1.9976)
20 ( 3.94022, -2.03157)
19 ( 4.0103, -2.05601)
20 ( 4.07993, -2.07118)
20 ( 4.14773, -2.07732)
20 ( 4.21222, -2.07461)
20 ( 4.27177, -2.06337)
20 ( 4.32459, -2.04411)
20 ( 4.36886, -2.01772)
20 ( 3.41019, -1.39729)
19 ( 3.4387, -1.49572)
20 ( 3.47237, -1.59183)
20 ( 3.51207, -1.68434)
20 ( 3.55849, -1.77179)
19 ( 3.61202, -1.8525)
20 ( 3.67261, -1.92473)
20 ( 3.73931, -1.98647)
19 ( 3.8102, -2.03702)
20 ( 3.88375, -2.07694)
19 ( 3.95856, -2.1067)
20 ( 4.03332, -2.12665)
20 ( 4.10671, -2.13703)
20 ( 4.17728, -2.13807)
20 ( 4.24345, -2.13004)
20 ( 4.30352, -2.11342)
19 ( 4.3557, -2.08896)
20 ( 4.39829, -2.05783)
18 ( 4.4305, -2.0217)
20 ( 3.39993, -1.59208)
20 ( 3.43982, -1.68966)
20 ( 3.48693, -1.78305)
20 ( 3.54185, -1.87052)
20 ( 3.60478, -1.95017)
20 ( 3.67471, -2.01927)
20 ( 3.74943, -2.07644)
20 ( 3.82727, -2.12231)
19 ( 3.90681, -2.1574)
20 ( 3.98672, -2.18211)
20 ( 4.06569, -2.19674)
20 ( 4.14233, -2.20152)
20 ( 4.21513, -2.19672)
20 ( 4.28245, -2.18273)
20 ( 4.34255, -2.16019)
20 ( 4.39372, -2.13013)
16 ( 4.435, -2.094)
20 ( 4.46874, -2.05339)
20 ( 4.49591, -2.00954)
20 ( 3.41537, -1.79431)
20 ( 3.47169, -1.88854)
20 ( 3.53695, -1.97561)
20 ( 3.61012, -2.05206)
20 ( 3.68865, -2.11587)
20 ( 3.77079, -2.16768)
20 ( 3.85506, -2.20809)
20 ( 3.94012, -2.23757)
20 ( 4.02467, -2.25645)
20 ( 4.10739, -2.26498)
19 ( 4.18681, -2.2634)
20 ( 4.26137, -2.25204)
20 ( 4.32939, -2.23143)
20 ( 4.38916, -2.20243)
18 ( 4.4395, -2.1663)
20 ( 4.48184, -2.12464)
20 ( 4.51693, -2.07886)
20 ( 4.54508, -2.03015)
19 ( 4.5664, -1.97957)
20 ( 3.46912, -2.00105)
20 ( 3.54553, -2.08486)
20 ( 3.62788, -2.15529)
20 ( 3.71432, -2.21305)
20 ( 3.80331, -2.25879)
20 ( 3.89352, -2.29303)
20 ( 3.98366, -2.31616)
20 ( 4.07244, -2.32844)
20 ( 4.15849, -2.33008)
19 ( 4.2403, -2.32135)
20 ( 4.31623, -2.30267)
20 ( 4.38459, -2.27472)
17 ( 4.444, -2.2386)
20 ( 4.49493, -2.19588)
20 ( 4.53794, -2.14819)
20 ( 4.57335, -2.09685)
19 ( 4.6013, -2.04305)
20 ( 4.62177, -1.98794)
20 ( 4.63463, -1.93273)
19 ( 3.5671, -2.19472)
20 ( 3.65784, -2.25842)
20 ( 3.75157, -2.30949)
19 ( 3.84691, -2.3485)
20 ( 3.94264, -2.37587)
19 ( 4.0375, -2.39189)
20 ( 4.13018, -2.39676)
20 ( 4.21923, -2.39066)
20 ( 4.30307, -2.37391)
20 ( 4.38003, -2.34702)
19 ( 4.44849, -2.3109)
20 ( 4.50803, -2.26713)
20 ( 4.55896, -2.21752)
20 ( 4.60162, -2.16355)
20 ( 4.63619, -2.10653)
20 ( 4.66274, -2.04768)
20 ( 4.68119, -1.98823)
20 ( 4.69139, -1.92951)
20 ( 4.69322, -1.87302)
20 ( 3.69982, -2.36018)
20 ( 3.80031, -2.40396)
20 ( 3.90162, -2.43558)
20 ( 4.00255, -2.45535)
20 ( 4.10186, -2.46343)
20 ( 4.19816, -2.45997)
20 ( 4.28992, -2.44514)
20 ( 4.37546, -2.41932)
20 ( 4.45299, -2.38321)
20 ( 4.52112, -2.33838)
20 ( 4.57998, -2.28684)
20 ( 4.62988, -2.23025)
20 ( 4.67109, -2.17002)
20 ( 4.70372, -2.10742)
20 ( 4.72775, -2.04372)
19 ( 4.7431, -1.98024)
20 ( 4.74966, -1.91843)
20 ( 4.74743, -1.85989)
19 ( 4.7366, -1.80635)
19 ( 3.8606, -2.49529)
20 ( 3.96761, -2.51881)
20 ( 4.07354, -2.53011)
20 ( 4.17708, -2.52928)
20 ( 4.27676, -2.51638)
19 ( 4.3709, -2.49162)
20 ( 4.45749, -2.45551)
20 ( 4.53422, -2.40963)
20 ( 4.60099, -2.35617)
20 ( 4.65815, -2.29695)
19 ( 4.70599, -2.2335)
20 ( 4.74469, -2.16716)
20 ( 4.77431, -2.09922)
20 ( 4.79481, -2.03098)
19 ( 4.8061, -1.96384)
20 ( 4.80817, -1.89936)
19 ( 4.80117, -1.8392)
19 ( 4.78553, -1.7851)
20 ( 4.76312, -1.73569)
20 ( 4.04522, -2.59679)
20 ( 4.15601, -2.59859)
19 ( 4.2636, -2.58762)
20 ( 4.36633, -2.56392)
20 ( 4.46199, -2.52781)
20 ( 4.54731, -2.48088)
19 ( 4.62201, -2.4255)
20 ( 4.68642, -2.36365)
20 ( 4.74088, -2.29698)
19 ( 4.78566, -2.2269)
20 ( 4.82088, -2.15471)
20 ( 4.84652, -2.08171)
20 ( 4.86255, -2.00925)
20 ( 4.86892, -1.93883)
20 ( 4.86573, -1.87205)
20 ( 4.85333, -1.81059)
20 ( 4.83328, -1.75375)
20 ( 4.80758, -1.69902)
20 ( 4.77731, -1.64486)
20 ( 4.25045, -2.65885)
20 ( 4.36177, -2.63622)
20 ( 4.46649, -2.60011)
20 ( 4.56041, -2.55213)
20 ( 4.64302, -2.49482)
20 ( 4.71468, -2.43035)
20 ( 4.77578, -2.36047)
20 ( 4.82664, -2.28664)
20 ( 4.86744, -2.21021)
20 ( 4.89823, -2.13244)
20 ( 4.91899, -2.05466)
19 ( 4.92966, -1.9783)
19 ( 4.9303, -1.90489)
20 ( 4.92114, -1.83609)
20 ( 4.90343, -1.77182)
19 ( 4.87913, -1.7103)
20 ( 4.84955, -1.65018)
20 ( 4.81554, -1.59024)
20 ( 4.77767, -1.52948)
20 ( 4.47099, -2.67242)
19 ( 4.5735, -2.62338)
20 ( 4.66404, -2.56415)
20 ( 4.74295, -2.49705)
20 ( 4.81068, -2.42395)
20 ( 4.86761, -2.34639)
18 ( 4.914, -2.26571)
20 ( 4.94994, -2.18318)
20 ( 4.97543, -2.10008)
20 ( 4.99041, -2.01777)
20 ( 4.99487, -1.93774)
20 ( 4.98895, -1.86159)
20 ( 4.97358, -1.78989)
20 ( 4.95069, -1.72158)
18 ( 4.9218, -1.6555)
20 ( 4.88798, -1.59048)
16 ( 4.85, -1.5255)
20 ( 4.80841, -1.45976)
20 ( 4.76366, -1.39263)
20 ( 4.68506, -2.63348)
20 ( 4.77122, -2.56375)
20 ( 4.84558, -2.48743)
20 ( 4.90859, -2.40613)
19 ( 4.96056, -2.3212)
20 ( 5.00165, -2.23391)
20 ( 5.03187, -2.14549)
20 ( 5.05115, -2.05724)
20 ( 5.05943, -1.97059)
20 ( 5.05676, -1.88708)
20 ( 5.04374, -1.80795)
20 ( 5.02225, -1.73287)
20 ( 4.99405, -1.66083)
20 ( 4.96043, -1.59072)
20 ( 4.92233, -1.52151)
20 ( 4.88047, -1.45234)
19 ( 4.83539, -1.3825)
20 ( 4.78759, -1.31143)
20 ( 4.88047, -2.55091)
20 ( 4.94956, -2.46587)
19 ( 5.00712, -2.3767)
20 ( 5.05336, -2.28464)
19 ( 5.08831, -2.1909)
19 ( 5.1119, -2.09671)
18 ( 5.124, -2.00344)
20 ( 5.12456, -1.91258)
20 ( 5.11389, -1.82602)
20 ( 5.09381, -1.74415)
20 ( 5.06629, -1.66615)
20 ( 5.03287, -1.59096)
20 ( 4.99467, -1.51753)
20 ( 4.95253, -1.44492)
20 ( 4.90712, -1.37237)
18 ( 4.859, -1.29924)
20 ( 4.80867, -1.22501)
19 ( 4.7566, -1.14921)
19 ( 5.05369, -2.4322)
20 ( 5.10507, -2.33538)
20 ( 5.14476, -2.23631)
20 ( 5.17264, -2.13618)
20 ( 5.18857, -2.03628)
20 ( 5.19237, -1.93807)
20 ( 5.18404, -1.84409)
20 ( 5.16537, -1.75544)
20 ( 5.13854, -1.67148)
19 ( 5.10531, -1.5912)
18 ( 5.067, -1.51354)
20 ( 5.02459, -1.43751)
20 ( 4.97885, -1.36224)
20 ( 4.93041, -1.28705)
20 ( 4.87981, -1.21134)
20 ( 4.82756, -1.13461)
19 ( 4.77416, -1.0564)
21 ( 4.72011, -0.976154)
19 ( 5.2012, -2.28172)
20 ( 5.23339, -2.17565)
20 ( 5.25314, -2.06913)
20 ( 5.26018, -1.96357)
19 ( 5.2542, -1.86215)
20 ( 5.23692, -1.76672)
19 ( 5.21079, -1.6768)
20 ( 5.17775, -1.59145)
20 ( 5.13933, -1.50956)
20 ( 5.09665, -1.43009)
20 ( 5.05059, -1.35212)
20 ( 5.00182, -1.27486)
20 ( 4.95095, -1.19768)
20 ( 4.89852, -1.12001)
20 ( 4.84503, -1.04137)
19 ( 4.791, -0.961209)
21 ( 4.73697, -0.878739)
21 ( 4.68365, -0.793246)
19 ( 5.3177, -2.10198)
20 ( 5.32799, -1.98907)
20 ( 5.32435, -1.88022)
20 ( 5.30848, -1.77801)
20 ( 5.28303, -1.68213)
19 ( 5.2502, -1.59169)
20 ( 5.21167, -1.50557)
20 ( 5.16872, -1.42267)
20 ( 5.12232, -1.34199)
20 ( 5.07323, -1.26267)
20 ( 5.02209, -1.18402)
20 ( 4.96947, -1.10541)
19 ( 4.9159, -1.02634)
21 ( 4.86188, -0.946265)
21 ( 4.80799, -0.864469)
21 ( 4.75492, -0.780266)
21 ( 4.70343, -0.692879)
21 ( 4.65441, -0.601393)
19 ( 5.3945, -1.89829)
20 ( 5.38004, -1.78929)
20 ( 5.35528, -1.68745)
20 ( 5.32264, -1.59193)
18 ( 5.284, -1.50159)
20 ( 5.24078, -1.41526)
20 ( 5.19405, -1.33186)
20 ( 5.14464, -1.25048)
20 ( 5.09324, -1.17035)
20 ( 5.04043, -1.09082)
20 ( 4.98677, -1.01131)
20 ( 4.93277, -0.93132)
21 ( 4.87902, -0.850199)
21 ( 4.82619, -0.767286)
20 ( 4.77502, -0.68184)
21 ( 4.72637, -0.592999)
21 ( 4.68127, -0.499753)
21 ( 4.64103, -0.400952)
20 ( 5.42753, -1.69277)
20 ( 5.39508, -1.59217)
19 ( 5.35633, -1.4976)
20 ( 5.31284, -1.40784)
20 ( 5.26578, -1.32173)
20 ( 5.21605, -1.23829)
20 ( 5.16438, -1.15669)
20 ( 5.11139, -1.07622)
21 ( 5.05764, -0.996287)
21 ( 5.00366, -0.916375)
21 ( 4.95005, -0.835928)
21 ( 4.89747, -0.754306)
21 ( 4.84662, -0.670802)
21 ( 4.79833, -0.584606)
21 ( 4.75354, -0.494772)
21 ( 4.71347, -0.400219)
20 ( 4.6797, -0.299783)
20 ( 4.65428, -0.19237)
20 ( 5.42866, -1.49362)
19 ( 5.3849, -1.40042)
20 ( 5.33751, -1.31161)
19 ( 5.28746, -1.2261)
20 ( 5.23552, -1.14302)
20 ( 5.18235, -1.06162)
20 ( 5.1285, -0.981258)
21 ( 5.07454, -0.901429)
21 ( 5.02107, -0.821657)
21 ( 4.96874, -0.741325)
21 ( 4.91823, -0.659763)
21 ( 4.87029, -0.576212)
21 ( 4.82582, -0.489792)
21 ( 4.78592, -0.399487)
21 ( 4.75202, -0.304186)
21 ( 4.72597, -0.202803)
22 ( 4.71013, -0.0945202)
20 ( 5.40924, -1.30148)
20 ( 5.35887, -1.21391)
20 ( 5.30667, -1.12936)
19 ( 5.2533, -1.04702)
20 ( 5.19937, -0.96623)
21 ( 5.14543, -0.886483)
20 ( 5.0921, -0.807384)
21 ( 5.04002, -0.728343)
21 ( 4.98983, -0.648722)
21 ( 4.94225, -0.567818)
20 ( 4.8981, -0.484811)
21 ( 4.85836, -0.398754)
21 ( 4.82433, -0.308588)
21 ( 4.79767, -0.213236)
21 ( 4.78049, -0.111807)
23 ( 4.77537, -0.00391443)
20 ( 4.78504, 0.109916)
20 ( 5.32426, -1.03242)
21 ( 5.27024, -0.951202)
21 ( 5.21631, -0.871537)
21 ( 5.16312, -0.793113)
20 ( 5.11129, -0.71536)
21 ( 5.06143, -0.637681)
21 ( 5.01421, -0.559421)
21 ( 4.97038, -0.479828)
21 ( 4.93082, -0.398022)
21 ( 4.89665, -0.312991)
20 ( 4.86936, -0.22367)
21 ( 4.85085, -0.129094)
22 ( 4.84346, -0.0286851)
21 ( 4.84978, 0.0773743)
20 ( 4.87108, 0.186564)
20 ( 4.90739, 0.296369)
20 ( 5.2872, -0.856591)
21 ( 5.23415, -0.778841)
21 ( 5.18256, -0.702379)
20 ( 5.13303, -0.62664)
21 ( 5.08617, -0.551024)
21 ( 5.04266, -0.474844)
21 ( 5.00327, -0.397285)
21 ( 4.96898, -0.317392)
21 ( 4.94107, -0.234105)
21 ( 4.92122, -0.146383)
22 ( 4.91155, -0.0534581)
19 ( 4.91452, 0.04483)
20 ( 4.93163, 0.146772)
19 ( 4.9631, 0.250037)
19 ( 5.00923, 0.35272)
20 ( 5.07055, 0.452917)
21 ( 5.25383, -0.689397)
19 ( 5.20463, -0.6156)
21 ( 5.15813, -0.542628)
20 ( 5.11493, -0.46986)
21 ( 5.07571, -0.396548)
20 ( 5.0413, -0.321789)
21 ( 5.01278, -0.244533)
21 ( 4.99159, -0.163669)
21 ( 4.97965, -0.078235)
20 ( 4.97927, 0.012281)
19 ( 4.9922, 0.106975)
18 ( 5.01882, 0.2037)
20 ( 5.05942, 0.300445)
20 ( 5.11446, 0.395259)
20 ( 5.18463, 0.486066)
20 ( 5.27081, 0.570438)
21 ( 5.23009, -0.534233)
21 ( 5.18721, -0.464877)
21 ( 5.14816, -0.395812)
21 ( 5.11362, -0.326187)
21 ( 5.08448, -0.254961)
20 ( 5.06196, -0.18095)
18 ( 5.04776, -0.103)
22 ( 5.04403, -0.0202657)
21 ( 5.05277, 0.0671689)
20 ( 5.07455, 0.157354)
19 ( 5.10962, 0.24816)
20 ( 5.15837, 0.337591)
20 ( 5.22139, 0.423597)
19 ( 5.29947, 0.50386)
20 ( 5.39339, 0.575575)
20 ( 5.2206, -0.395076)
21 ( 5.18593, -0.330586)
21 ( 5.15617, -0.265389)
21 ( 5.13233, -0.198232)
21 ( 5.11586, -0.127765)
22 ( 5.10878, -0.0528034)
21 ( 5.11336, 0.0273789)
19 ( 5.1303, 0.111007)
20 ( 5.15983, 0.195859)
20 ( 5.20229, 0.279906)
19 ( 5.25817, 0.36111)
20 ( 5.32813, 0.437263)
20 ( 5.41296, 0.505761)
20 ( 5.51323, 0.563422)
20 ( 5.62887, 0.606486)
21 ( 5.22787, -0.275818)
21 ( 5.20269, -0.215513)
20 ( 5.18395, -0.15253)
22 ( 5.17353, -0.0853393)
22 ( 5.17393, -0.0124071)
20 ( 5.18604, 0.064675)
20 ( 5.21007, 0.143578)
20 ( 5.24624, 0.222215)
20 ( 5.29495, 0.298596)
20 ( 5.35681, 0.370639)
20 ( 5.43253, 0.435917)
20 ( 5.52277, 0.491518)
18 ( 5.6277, 0.53396)
20 ( 5.74643, 0.559417)
20 ( 5.87196, 0.566912)
21 ( 5.23827, -0.117874)
22 ( 5.23449, -0.0521902)
21 ( 5.24177, 0.0183489)
21 ( 5.26028, 0.0913071)
20 ( 5.29019, 0.164548)
20 ( 5.33177, 0.236103)
20 ( 5.38552, 0.303996)
20 ( 5.45211, 0.366029)
20 ( 5.53232, 0.419569)
20 ( 5.62651, 0.461389)
20 ( 5.73431, 0.487856)
20 ( 5.85088, 0.497457)
20 ( 5.97125, 0.493095)
22 ( 5.29749, -0.0279732)
21 ( 5.31049, 0.0390433)
20 ( 5.33412, 0.106893)
20 ( 5.36857, 0.173632)
20 ( 5.41424, 0.237389)
20 ( 5.47176, 0.296159)
20 ( 5.54191, 0.347579)
20 ( 5.62533, 0.388752)
20 ( 5.72216, 0.416231)
20 ( 5.82978, 0.427942)
20 ( 5.94374, 0.425857)
20 ( 6.06071, 0.413215)
20 ( 6.17817, 0.393542)
21 ( 5.37804, 0.0492471)
20 ( 5.40536, 0.111175)
20 ( 5.44294, 0.170806)
20 ( 5.49138, 0.226328)
20 ( 5.55152, 0.275638)
20 ( 5.62424, 0.316113)
20 ( 5.71007, 0.344527)
20 ( 5.80863, 0.358335)
20 ( 5.91617, 0.358533)
20 ( 6.02872, 0.347873)
20 ( 6.14333, 0.329676)
20 ( 6.25759, 0.307453)
19 ( 6.3693, 0.284815)
20 ( 5.47162, 0.104238)
20 ( 5.51098, 0.156523)
20 ( 5.56111, 0.203741)
20 ( 5.62313, 0.243541)
20 ( 5.69803, 0.272884)
19 ( 5.78764, 0.28868)
20 ( 5.88866, 0.291078)
20 ( 5.99665, 0.282412)
20 ( 6.10839, 0.265695)
20 ( 6.22107, 0.244359)
20 ( 6.33236, 0.221965)
20 ( 6.43982, 0.202212)
18 ( 6.5405, 0.18896)
20 ( 5.62201, 0.171014)
19 ( 5.68598, 0.20131)
20 ( 5.76665, 0.219131)
20 ( 5.86125, 0.223689)
19 ( 5.9648, 0.216836)
19 ( 6.0735, 0.201513)
19 ( 6.1844, 0.181101)
20 ( 6.29526, 0.158954)
20 ( 6.40349, 0.138751)
18 ( 6.50634, 0.1243)
20 ( 6.60228, 0.118007)
19 ( 5.74566, 0.14965)
20 ( 5.83386, 0.156402)
20 ( 5.93299, 0.151413)
19 ( 6.0388, 0.137404)
20 ( 6.14807, 0.117648)
21 ( 6.25822, 0.0956475)
21 ( 6.36693, 0.0750524)
21 ( 6.47197, 0.0593941)
21 ( 6.57098, 0.0515592)
21 ( 6.66362, 0.0516271)
20 ( 6.74965, 0.059191)
21 ( 6.00413, 0.0734423)
21 ( 6.11179, 0.0544149)
20 ( 6.22146, 0.032438)
21 ( 6.33084, 0.0110836)
23 ( 6.43766, -0.00592062)
21 ( 6.53938, -0.015264)
22 ( 6.63545, -0.0167157)
22 ( 6.72523, -0.0105855)
22 ( 6.80853, 0.00267675)
21 ( 6.88523, 0.0225262)
22 ( 6.18477, -0.0305591)
22 ( 6.29485, -0.0525702)
22 ( 6.40375, -0.0710705)
22 ( 6.50841, -0.0823845)
22 ( 6.60739, -0.0856176)
22 ( 6.70045, -0.0809489)
22 ( 6.78786, -0.0690027)
22 ( 6.86892, -0.0502762)
20 ( 6.9436, -0.025351)
21 ( 6.36994, -0.135913)
21 ( 6.47757, -0.149048)
21 ( 6.57984, -0.154213)
21 ( 6.67651, -0.151603)
21 ( 6.76737, -0.141437)
21 ( 6.85221, -0.123964)
22 ( 6.93151, -0.0999397)
22 ( 7.00514, -0.0701904)
22 ( 7.07624, -0.0359698)
21 ( 6.65271, -0.221593)
21 ( 6.74752, -0.213349)
20 ( 6.8366, -0.197891)
21 ( 6.91977, -0.175522)
21 ( 6.99718, -0.146648)
21 ( 7.07196, -0.112726)
22 ( 7.14746, -0.0753798)
22 ( 7.22848, -0.0358045)
20 ( 6.8211, -0.270874)
21 ( 6.90876, -0.250277)
21 ( 6.99063, -0.223239)
19 ( 7.0683, -0.19075)
21 ( 7.14531, -0.153956)
21 ( 7.22735, -0.114409)
22 ( 7.31818, -0.0737303)
22 ( 7.42174, -0.0323886)
21 ( 7.06547, -0.267573)
20 ( 7.1451, -0.232561)
21 ( 7.22727, -0.194586)
21 ( 7.31677, -0.154508)
21 ( 7.42012, -0.113174)
22 ( 7.54065, -0.0711505)
21 ( 7.22825, -0.273193)
21 ( 7.31818, -0.235287)
21 ( 7.42012, -0.195843)
21 ( 7.53853, -0.154508)
21 ( 7.68086, -0.111772)
21 ( 7.42174, -0.276628)
21 ( 7.54065, -0.237866)
21 ( 7.68086, -0.197245)
21 ( 7.84761, -0.154508)
