611
21 ( 7.63842, -0.409691)
21 ( 7.65241, -0.368374)
20 ( 7.6794, -0.338552)
20 ( 7.71779, -0.32092)
19 ( 7.758, -0.319885)
21 ( 7.79215, -0.333658)
21 ( 7.79846, -0.336202)
21 ( 7.89687, -0.269025)
21 ( 8.00885, -0.200911)
21 ( 8.00885, -0.108106)
22 ( 7.89687, -0.0399916)
21 ( 7.79846, 0.0271847)
20 ( 7.79215, 0.024641)
19 ( 7.758, 0.0108681)
21 ( 7.71779, 0.0119033)
20 ( 7.6794, 0.0295351)
21 ( 7.65241, 0.0593571)
20 ( 7.63842, 0.100674)
21 ( 7.60178, 0.0919263)
21 ( 7.53749, 0.0795021)
21 ( 7.46589, 0.0217327)
22 ( 7.40004, -0.0219496)
22 ( 7.33915, -0.0225078)
22 ( 7.28245, -0.0205537)
21 ( 7.22929, -0.018409)
21 ( 7.17963, -0.015926)
22 ( 7.13311, -0.0128469)
23 ( 7.08925, -0.00893174)
23 ( 7.04751, -0.00396243)
22 ( 7.00726, 0.00226543)
21 ( 6.9678, 0.00995912)
21 ( 6.92827, 0.0193518)
21 ( 6.88806, 0.0306231)
20 ( 6.84703, 0.043869)
21 ( 6.80506, 0.0591895)
21 ( 6.76204, 0.0766905)
21 ( 6.71787, 0.0964828)
20 ( 6.67242, 0.118681)
18 ( 6.62561, 0.1434)
20 ( 6.57734, 0.170758)
19 ( 6.5275, 0.200884)
19 ( 6.47507, 0.23423)
20 ( 6.41985, 0.270419)
20 ( 6.36213, 0.308683)
20 ( 6.30212, 0.348255)
20 ( 6.23994, 0.388371)
20 ( 6.17563, 0.428266)
20 ( 6.10912, 0.467165)
20 ( 6.04025, 0.504261)
20 ( 5.96876, 0.538684)
20 ( 5.89424, 0.569444)
20 ( 5.81621, 0.595352)
20 ( 5.73417, 0.614909)
20 ( 5.64982, 0.626309)
20 ( 5.56606, 0.629067)
20 ( 5.48364, 0.623584)
20 ( 5.40321, 0.610363)
19 ( 5.3253, 0.589969)
20 ( 5.25036, 0.562983)
20 ( 5.17869, 0.529969)
19 ( 5.11056, 0.49145)
20 ( 5.04617, 0.447896)
19 ( 4.98571, 0.39972)
20 ( 4.92934, 0.347277)
20 ( 4.87725, 0.290869)
20 ( 4.82963, 0.230745)
20 ( 4.78675, 0.167109)
19 ( 4.7489, 0.100127)
20 ( 4.7167, 0.0308285)
22 ( 4.69035, -0.0395649)
20 ( 4.6695, -0.110505)
21 ( 4.65371, -0.181537)
20 ( 4.6425, -0.252313)
21 ( 4.63537, -0.322581)
21 ( 4.63182, -0.392171)
21 ( 4.63137, -0.460977)
20 ( 4.6336, -0.528928)
21 ( 4.63808, -0.595984)
21 ( 4.64444, -0.662113)
21 ( 4.65233, -0.727284)
21 ( 4.66142, -0.791465)
21 ( 4.67138, -0.854612)
21 ( 4.68194, -0.916671)
21 ( 4.69279, -0.977573)
20 ( 4.70368, -1.03723)
20 ( 4.71436, -1.09566)
20 ( 4.72466, -1.15288)
20 ( 4.73436, -1.20877)
20 ( 4.74329, -1.26321)
20 ( 4.75126, -1.31605)
20 ( 4.75811, -1.36716)
20 ( 4.76368, -1.41636)
20 ( 4.76785, -1.46348)
20 ( 4.77052, -1.50833)
20 ( 4.77161, -1.55073)
20 ( 4.77109, -1.59048)
20 ( 4.76898, -1.62743)
20 ( 4.76533, -1.66145)
20 ( 4.76025, -1.69247)
20 ( 4.75385, -1.72051)
20 ( 4.74629, -1.74571)
20 ( 4.73765, -1.76835)
20 ( 4.72759, -1.78978)
20 ( 4.71562, -1.81119)
20 ( 4.70179, -1.83238)
20 ( 4.68617, -1.85314)
20 ( 4.66889, -1.87323)
20 ( 4.65012, -1.89242)
20 ( 4.63004, -1.91048)
20 ( 4.60891, -1.92719)
20 ( 4.58698, -1.94237)
20 ( 4.56453, -1.95586)
20 ( 4.54186, -1.96754)
20 ( 4.51927, -1.97731)
20 ( 4.49707, -1.98515)
20 ( 4.47553, -1.99105)
20 ( 4.45491, -1.99509)
20 ( 4.43538, -1.99735)
20 ( 4.41705, -1.99799)
20 ( 4.39894, -1.99712)
20 ( 4.37971, -1.99465)
20 ( 4.35943, -1.99044)
20 ( 4.33827, -1.98441)
20 ( 4.31647, -1.97647)
20 ( 4.29429, -1.96663)
20 ( 4.27203, -1.95491)
19 ( 4.24999, -1.9414)
20 ( 4.22846, -1.92622)
20 ( 4.20774, -1.90953)
20 ( 4.18808, -1.89152)
19 ( 4.16972, -1.8724)
20 ( 4.15287, -1.85241)
20 ( 4.13769, -1.83179)
20 ( 4.12431, -1.81079)
20 ( 4.11281, -1.78964)
20 ( 4.10322, -1.76855)
19 ( 4.09519, -1.7467)
19 ( 4.0882, -1.72238)
19 ( 4.08233, -1.6953)
19 ( 4.07773, -1.6653)
20 ( 4.07452, -1.63233)
20 ( 4.07282, -1.59647)
20 ( 4.07269, -1.55784)
19 ( 4.07416, -1.5166)
20 ( 4.07719, -1.47294)
20 ( 4.08173, -1.42705)
20 ( 4.08769, -1.37911)
20 ( 4.09493, -1.32931)
20 ( 4.10332, -1.27783)
19 ( 4.11269, -1.2248)
20 ( 4.12288, -1.17038)
20 ( 4.13369, -1.11468)
20 ( 4.14494, -1.05783)
21 ( 4.15641, -0.999904)
21 ( 4.16791, -0.940999)
21 ( 4.17921, -0.881176)
20 ( 4.19009, -0.82049)
21 ( 4.20031, -0.758979)
21 ( 4.20963, -0.696667)
21 ( 4.21779, -0.633569)
21 ( 4.22451, -0.569685)
21 ( 4.22949, -0.505009)
21 ( 4.23239, -0.439532)
20 ( 4.23285, -0.37325)
21 ( 4.23048, -0.306175)
21 ( 4.22484, -0.238352)
20 ( 4.21544, -0.16988)
21 ( 4.20179, -0.100933)
22 ( 4.18338, -0.0317918)
20 ( 4.15973, 0.037145)
20 ( 4.13077, 0.104691)
20 ( 4.09724, 0.169155)
20 ( 4.05955, 0.230392)
20 ( 4.01805, 0.288326)
20 ( 3.97304, 0.342894)
20 ( 3.92478, 0.394034)
19 ( 3.8735, 0.441675)
20 ( 3.81939, 0.485732)
20 ( 3.76263, 0.526096)
20 ( 3.70336, 0.562634)
19 ( 3.64172, 0.59518)
20 ( 3.57785, 0.623533)
20 ( 3.51189, 0.647455)
20 ( 3.44398, 0.666667)
20 ( 3.37431, 0.680849)
20 ( 3.30311, 0.689644)
19 ( 3.23069, 0.69267)
20 ( 3.15798, 0.689598)
20 ( 3.08676, 0.680618)
19 ( 3.01738, 0.66617)
20 ( 2.95005, 0.646664)
20 ( 2.88494, 0.622475)
20 ( 2.82219, 0.593929)
19 ( 2.7619, 0.561312)
20 ( 2.70419, 0.524867)
20 ( 2.64917, 0.484799)
20 ( 2.59696, 0.441286)
20 ( 2.54771, 0.394476)
18 ( 2.50157, 0.3445)
20 ( 2.45873, 0.291471)
20 ( 2.41942, 0.235497)
20 ( 2.38388, 0.176684)
19 ( 2.3524, 0.115147)
20 ( 2.3253, 0.0510195)
22 ( 2.30306, -0.0150285)
22 ( 2.28602, -0.0813449)
21 ( 2.27376, -0.147493)
20 ( 2.26577, -0.21322)
21 ( 2.26158, -0.278371)
21 ( 2.26072, -0.342868)
21 ( 2.26275, -0.406685)
20 ( 2.2673, -0.469827)
21 ( 2.27401, -0.532315)
21 ( 2.28255, -0.594177)
21 ( 2.29264, -0.655434)
19 ( 2.304, -0.716104)
20 ( 2.31639, -0.77619)
21 ( 2.32956, -0.835688)
20 ( 2.3433, -0.894579)
21 ( 2.35737, -0.952833)
20 ( 2.37156, -1.01041)
20 ( 2.38568, -1.06726)
20 ( 2.39951, -1.12332)
20 ( 2.41287, -1.17851)
20 ( 2.42557, -1.23276)
20 ( 2.43741, -1.28597)
20 ( 2.44823, -1.33804)
20 ( 2.45785, -1.38887)
20 ( 2.46612, -1.43835)
19 ( 2.4729, -1.48634)
20 ( 2.47806, -1.53275)
20 ( 2.48149, -1.57744)
19 ( 2.4831, -1.62032)
20 ( 2.48284, -1.66131)
20 ( 2.48066, -1.70035)
20 ( 2.47653, -1.73744)
20 ( 2.47042, -1.77266)
20 ( 2.46228, -1.80613)
19 ( 2.4519, -1.83838)
19 ( 2.43878, -1.8706)
20 ( 2.42298, -1.90269)
19 ( 2.4046, -1.93442)
20 ( 2.38381, -1.96554)
20 ( 2.36081, -1.99581)
20 ( 2.33583, -2.02499)
20 ( 2.30912, -2.05285)
20 ( 2.28096, -2.07918)
20 ( 2.25166, -2.10377)
20 ( 2.22151, -2.12644)
20 ( 2.19086, -2.14701)
20 ( 2.16006, -2.16536)
20 ( 2.12946, -2.18134)
20 ( 2.09944, -2.19486)
20 ( 2.07041, -2.20587)
20 ( 2.04277, -2.21435)
19 ( 2.01672, -2.2204)
20 ( 1.99162, -2.22424)
20 ( 1.96719, -2.22606)
20 ( 1.94322, -2.22592)
20 ( 1.91954, -2.22389)
20 ( 1.89601, -2.21997)
20 ( 1.87256, -2.21413)
20 ( 1.84914, -2.20636)
20 ( 1.82577, -2.19664)
20 ( 1.80252, -2.18498)
19 ( 1.77945, -2.1714)
20 ( 1.75667, -2.15596)
19 ( 1.7343, -2.13873)
19 ( 1.71244, -2.1198)
18 ( 1.6912, -2.0993)
19 ( 1.6707, -2.07735)
20 ( 1.65103, -2.05409)
20 ( 1.63228, -2.02969)
20 ( 1.61453, -2.00425)
20 ( 1.59776, -1.97774)
20 ( 1.58196, -1.95012)
20 ( 1.56713, -1.92136)
20 ( 1.55326, -1.89142)
20 ( 1.54035, -1.86029)
19 ( 1.5284, -1.82796)
20 ( 1.51742, -1.79442)
19 ( 1.5074, -1.75966)
20 ( 1.49834, -1.72369)
20 ( 1.49025, -1.68651)
20 ( 1.48311, -1.64814)
20 ( 1.47692, -1.60858)
20 ( 1.47167, -1.56786)
20 ( 1.46735, -1.52598)
20 ( 1.46394, -1.48296)
20 ( 1.46143, -1.43881)
20 ( 1.45979, -1.39355)
19 ( 1.45901, -1.3472)
20 ( 1.45906, -1.29976)
20 ( 1.45993, -1.25126)
19 ( 1.46158, -1.2017)
20 ( 1.46399, -1.15109)
20 ( 1.46715, -1.09945)
18 ( 1.471, -1.04679)
21 ( 1.47555, -0.993118)
21 ( 1.48074, -0.938438)
21 ( 1.48657, -0.882762)
21 ( 1.49299, -0.826098)
21 ( 1.49998, -0.768452)
21 ( 1.50751, -0.709832)
21 ( 1.51555, -0.650243)
20 ( 1.52407, -0.58969)
21 ( 1.53305, -0.528179)
21 ( 1.54245, -0.465715)
21 ( 1.55225, -0.402303)
21 ( 1.56241, -0.337945)
21 ( 1.57291, -0.272646)
20 ( 1.58372, -0.20641)
20 ( 1.5948, -0.139239)
22 ( 1.60613, -0.0711369)
22 ( 1.6175, -0.00206802)
22 ( 1.59998, -0.0698315)
20 ( 1.5827, -0.136677)
21 ( 1.56568, -0.202611)
21 ( 1.54894, -0.267637)
21 ( 1.53252, -0.331761)
21 ( 1.51645, -0.394988)
21 ( 1.50075, -0.457325)
21 ( 1.48544, -0.518778)
21 ( 1.47057, -0.579353)
21 ( 1.45615, -0.639057)
21 ( 1.44221, -0.697897)
21 ( 1.42878, -0.755882)
21 ( 1.41589, -0.813018)
21 ( 1.40357, -0.869316)
21 ( 1.39185, -0.924783)
21 ( 1.38074, -0.979431)
19 ( 1.3703, -1.03327)
20 ( 1.36053, -1.08631)
20 ( 1.35148, -1.13856)
20 ( 1.34317, -1.19004)
20 ( 1.33564, -1.24075)
20 ( 1.32891, -1.29072)
20 ( 1.32302, -1.33996)
18 ( 1.318, -1.38848)
19 ( 1.31389, -1.4363)
20 ( 1.31073, -1.48343)
19 ( 1.30855, -1.5299)
20 ( 1.30739, -1.57572)
18 ( 1.3073, -1.6209)
20 ( 1.30832, -1.66547)
19 ( 1.3105, -1.70944)
20 ( 1.31389, -1.75281)
20 ( 1.31853, -1.79562)
20 ( 1.32449, -1.83786)
20 ( 1.33182, -1.87953)
20 ( 1.34058, -1.92065)
19 ( 1.35083, -1.9612)
20 ( 1.36262, -2.00117)
20 ( 1.37602, -2.04054)
20 ( 1.39107, -2.07929)
20 ( 1.40783, -2.11739)
19 ( 1.42634, -2.1548)
20 ( 1.44664, -2.19149)
20 ( 1.46882, -2.22742)
19 ( 1.4929, -2.26249)
20 ( 1.51895, -2.29653)
18 ( 1.547, -2.32938)
19 ( 1.5771, -2.36088)
20 ( 1.60933, -2.39081)
20 ( 1.64372, -2.41897)
19 ( 1.68032, -2.4451)
20 ( 1.71916, -2.46896)
20 ( 1.76023, -2.49024)
19 ( 1.8035, -2.50865)
20 ( 1.84888, -2.52385)
20 ( 1.89623, -2.53556)
20 ( 1.94534, -2.54347)
18 ( 1.996, -2.54734)
20 ( 2.04794, -2.54696)
20 ( 2.10082, -2.54222)
20 ( 2.15374, -2.53329)
19 ( 2.2064, -2.52046)
19 ( 2.2587, -2.50397)
19 ( 2.3105, -2.48399)
20 ( 2.36167, -2.46068)
20 ( 2.41205, -2.43413)
20 ( 2.46146, -2.40446)
20 ( 2.50972, -2.37171)
20 ( 2.55663, -2.33596)
20 ( 2.60196, -2.29723)
20 ( 2.64546, -2.25554)
20 ( 2.68688, -2.21092)
20 ( 2.72592, -2.16334)
20 ( 2.76226, -2.11282)
20 ( 2.79555, -2.05934)
19 ( 2.82538, -2.0029)
20 ( 2.85128, -1.94366)
19 ( 2.8726, -1.88299)
19 ( 2.88951, -1.8216)
20 ( 2.90235, -1.75977)
20 ( 2.91152, -1.69772)
19 ( 2.9174, -1.63562)
20 ( 2.92035, -1.57357)
20 ( 2.92071, -1.51164)
19 ( 2.91883, -1.4499)
20 ( 2.91499, -1.38838)
20 ( 2.90949, -1.32712)
20 ( 2.90259, -1.26616)
20 ( 2.89455, -1.20556)
20 ( 2.88561, -1.14534)
18 ( 2.876, -1.08559)
20 ( 2.86595, -1.02635)
21 ( 2.85569, -0.967718)
21 ( 2.84543, -0.909764)
21 ( 2.83537, -0.852589)
21 ( 2.82573, -0.796299)
20 ( 2.81671, -0.74101)
21 ( 2.80848, -0.686851)
21 ( 2.80125, -0.633962)
21 ( 2.79518, -0.582495)
21 ( 2.79043, -0.532612)
21 ( 2.78714, -0.484487)
21 ( 2.78543, -0.438302)
20 ( 2.78539, -0.39424)
21 ( 2.78708, -0.352481)
21 ( 2.79052, -0.313187)
20 ( 2.7957, -0.276491)
21 ( 2.80256, -0.242473)
21 ( 2.81103, -0.211134)
21 ( 2.82101, -0.182381)
20 ( 2.8325, -0.155934)
21 ( 2.84597, -0.130353)
21 ( 2.86153, -0.105277)
21 ( 2.87912, -0.080887)
21 ( 2.89858, -0.057387)
22 ( 2.91977, -0.0349879)
21 ( 2.9425, -0.0139006)
21 ( 2.96653, 0.0056725)
21 ( 2.99162, 0.0235433)
20 ( 3.0175, 0.0395442)
21 ( 3.04389, 0.0535334)
21 ( 3.07048, 0.0654003)
21 ( 3.09698, 0.0750705)
21 ( 3.12307, 0.0825108)
20 ( 3.1485, 0.0877319)
18 ( 3.173, 0.090789)
20 ( 3.19639, 0.091777)
21 ( 3.21862, 0.0908184)
20 ( 3.24102, 0.087982)
21 ( 3.26415, 0.0832092)
21 ( 3.28788, 0.0764348)
21 ( 3.31205, 0.0676199)
21 ( 3.33641, 0.0567622)
21 ( 3.36072, 0.0438995)
20 ( 3.3847, 0.0291107)
20 ( 3.40807, 0.012513)
22 ( 3.43056, -0.0057415)
22 ( 3.45191, -0.0254696)
22 ( 3.47187, -0.0464616)
22 ( 3.49024, -0.0684864)
21 ( 3.50683, -0.091297)
21 ( 3.52149, -0.114638)
21 ( 3.53411, -0.138255)
21 ( 3.54462, -0.161906)
21 ( 3.55302, -0.185419)
21 ( 3.55988, -0.210213)
21 ( 3.56547, -0.237303)
20 ( 3.56972, -0.26693)
21 ( 3.57253, -0.299215)
21 ( 3.57381, -0.334177)
21 ( 3.57349, -0.371755)
21 ( 3.57156, -0.411838)
21 ( 3.56802, -0.454279)
21 ( 3.56291, -0.498917)
21 ( 3.55632, -0.545583)
21 ( 3.54837, -0.594116)
21 ( 3.53917, -0.644357)
21 ( 3.52888, -0.696162)
19 ( 3.51767, -0.7494)
21 ( 3.50571, -0.803949)
21 ( 3.49319, -0.859706)
20 ( 3.4803, -0.916581)
21 ( 3.46725, -0.974495)
20 ( 3.45424, -1.03339)
20 ( 3.44149, -1.09321)
20 ( 3.42923, -1.15394)
20 ( 3.41769, -1.21554)
20 ( 3.40713, -1.27802)
19 ( 3.3978, -1.34139)
20 ( 3.39001, -1.40568)
19 ( 3.38407, -1.4709)
20 ( 3.38032, -1.53711)
20 ( 3.37916, -1.60432)
20 ( 3.38101, -1.67254)
20 ( 3.38635, -1.74174)
19 ( 3.3957, -1.81182)
20 ( 3.40961, -1.88259)
20 ( 3.42863, -1.95374)
19 ( 3.45325, -2.0248)
20 ( 3.48318, -2.09387)
20 ( 3.51774, -2.15984)
19 ( 3.55655, -2.2226)
20 ( 3.59929, -2.28206)
20 ( 3.64566, -2.33815)
19 ( 3.69544, -2.3908)
19 ( 3.7484, -2.43993)
20 ( 3.80437, -2.48543)
20 ( 3.86322, -2.52717)
17 ( 3.9248, -2.565)
20 ( 3.98901, -2.59872)
20 ( 4.05573, -2.62809)
20 ( 4.12485, -2.65284)
20 ( 4.19623, -2.67264)
19 ( 4.26968, -2.6871)
19 ( 4.34498, -2.6958)
20 ( 4.42178, -2.69829)
19 ( 4.49833, -2.6943)
20 ( 4.57323, -2.68419)
19 ( 4.64617, -2.6684)
20 ( 4.71695, -2.64737)
20 ( 4.78537, -2.62146)
20 ( 4.85133, -2.59101)
20 ( 4.91471, -2.55629)
20 ( 4.97539, -2.51753)
20 ( 5.03327, -2.47493)
20 ( 5.08821, -2.42865)
20 ( 5.14008, -2.37882)
20 ( 5.18868, -2.32553)
20 ( 5.23382, -2.26888)
20 ( 5.27524, -2.20896)
20 ( 5.31265, -2.14584)
20 ( 5.34574, -2.07962)
20 ( 5.37411, -2.01043)
20 ( 5.39705, -1.93974)
20 ( 5.41447, -1.86907)
20 ( 5.42689, -1.79884)
20 ( 5.43485, -1.72933)
19 ( 5.4389, -1.66069)
18 ( 5.43952, -1.593)
19 ( 5.4372, -1.52629)
20 ( 5.43235, -1.46051)
20 ( 5.42535, -1.39563)
20 ( 5.41652, -1.33159)
20 ( 5.40619, -1.26837)
20 ( 5.39462, -1.20591)
19 ( 5.38208, -1.1442)
19 ( 5.3688, -1.08322)
20 ( 5.35502, -1.02298)
20 ( 5.34095, -0.96349)
20 ( 5.3268, -0.904784)
20 ( 5.3128, -0.847017)
21 ( 5.29921, -0.790363)
21 ( 5.28626, -0.734902)
21 ( 5.27417, -0.680728)
21 ( 5.26313, -0.627952)
21 ( 5.25334, -0.576693)
21 ( 5.24497, -0.527083)
21 ( 5.23817, -0.479255)
21 ( 5.23305, -0.433343)
21 ( 5.22971, -0.389467)
20 ( 5.2282, -0.347725)
21 ( 5.22857, -0.308171)
19 ( 5.23081, -0.2708)
21 ( 5.23492, -0.235526)
21 ( 5.24092, -0.202163)
21 ( 5.24887, -0.170421)
21 ( 5.25893, -0.139915)
21 ( 5.27164, -0.109668)
22 ( 5.28735, -0.0792534)
22 ( 5.30592, -0.0492059)
21 ( 5.32712, -0.020024)
21 ( 5.3507, 0.00783965)
20 ( 5.3764, 0.0339836)
21 ( 5.40392, 0.0580611)
21 ( 5.43299, 0.0797829)
20 ( 5.46335, 0.098917)
19 ( 5.4948, 0.115284)
20 ( 5.52722, 0.128746)
20 ( 5.56058, 0.139182)
20 ( 5.59494, 0.146453)
20 ( 5.63051, 0.150362)
20 ( 5.66759, 0.150606)
20 ( 5.70862, 0.146435)
20 ( 5.75491, 0.137263)
20 ( 5.80558, 0.123134)
20 ( 5.85978, 0.104397)
21 ( 5.91671, 0.0816034)
21 ( 5.97573, 0.0554227)
19 ( 6.0363, 0.026589)
23 ( 6.09797, -0.00413289)
21 ( 6.1604, -0.0359674)
22 ( 6.22332, -0.0681383)
22 ( 6.28657, -0.0998727)
21 ( 6.35006, -0.130398)
21 ( 6.41324, -0.158715)
21 ( 6.47511, -0.184107)
21 ( 6.53569, -0.206644)
20 ( 6.59502, -0.22641)
21 ( 6.65315, -0.243488)
20 ( 6.7101, -0.257964)
20 ( 6.7659, -0.269927)
21 ( 6.82058, -0.279472)
19 ( 6.87416, -0.2867)
21 ( 6.92664, -0.291714)
21 ( 6.97789, -0.294665)
21 ( 7.02814, -0.295873)
21 ( 7.07782, -0.295705)
21 ( 7.12745, -0.294534)
21 ( 7.17763, -0.292717)
20 ( 7.22904, -0.29059)
21 ( 7.28245, -0.288463)
21 ( 7.33915, -0.286509)
21 ( 7.40004, -0.287067)
20 ( 7.46589, -0.33075)
21 ( 7.53749, -0.388519)
21 ( 7.60178, -0.400943)
