1112
23 ( 0.0302958, 0.0329198)
23 ( 0.0824539, 0.0861665)
17 ( 0.1338, 0.1343)
21 ( 0.184326, 0.177462)
20 ( 0.234026, 0.21579)
21 ( 0.282891, 0.249425)
21 ( 0.330913, 0.278507)
21 ( 0.378087, 0.303175)
20 ( 0.424403, 0.32357)
21 ( 0.469855, 0.339831)
21 ( 0.514435, 0.352099)
21 ( 0.558136, 0.360513)
21 ( 0.600949, 0.365212)
21 ( 0.642868, 0.366337)
21 ( 0.683886, 0.364028)
21 ( 0.723993, 0.358425)
21 ( 0.763184, 0.349667)
21 ( 0.789491, 0.367075)
21 ( 0.775377, 0.321222)
21 ( 0.801451, 0.337894)
17 ( 0.829, 0.35325)
21 ( 0.811471, 0.308591)
21 ( 0.838786, 0.323246)
21 ( 0.867443, 0.336533)
21 ( 0.846761, 0.293243)
21 ( 0.875181, 0.305863)
21 ( 0.904805, 0.317087)
21 ( 0.881245, 0.275294)
20 ( 0.91063, 0.285885)
21 ( 0.941077, 0.295075)
21 ( 0.914917, 0.254859)
21 ( 0.945124, 0.263452)
21 ( 0.976258, 0.270658)
20 ( 0.947765, 0.23206)
21 ( 0.978657, 0.238704)
19 ( 1.01035, 0.24399)
21 ( 0.979773, 0.207019)
20 ( 1.01122, 0.211779)
20 ( 1.04335, 0.215225)
20 ( 1.01092, 0.179865)
20 ( 1.04281, 0.182819)
19 ( 1.07526, 0.18451)
19 ( 1.0412, 0.150729)
20 ( 1.07341, 0.151964)
19 ( 1.1061, 0.151992)
20 ( 1.07058, 0.119745)
20 ( 1.10302, 0.119352)
20 ( 1.13586, 0.117815)
20 ( 1.09904, 0.087048)
21 ( 1.13163, 0.0851241)
21 ( 1.16454, 0.0821189)
21 ( 1.12658, 0.0527767)
19 ( 1.15924, 0.04942)
21 ( 1.19215, 0.0450457)
21 ( 1.15317, 0.0170703)
21 ( 1.18583, 0.0123795)
22 ( 1.21868, 0.00673459)
21 ( 1.1788, -0.0199311)
22 ( 1.21139, -0.0258576)
22 ( 1.24414, -0.0326757)
20 ( 1.277, -0.0403485)
22 ( 1.20345, -0.0580864)
22 ( 1.23593, -0.0651513)
21 ( 1.26853, -0.073047)
22 ( 1.30119, -0.0817379)
22 ( 1.19487, -0.0899541)
22 ( 1.22711, -0.0972544)
21 ( 1.25944, -0.105362)
21 ( 1.29184, -0.114241)
21 ( 1.32427, -0.123859)
21 ( 1.21768, -0.128986)
21 ( 1.24976, -0.137293)
20 ( 1.2819, -0.146349)
21 ( 1.31406, -0.156121)
21 ( 1.34624, -0.166575)
20 ( 1.23952, -0.16884)
20 ( 1.2714, -0.178061)
20 ( 1.3033, -0.187974)
21 ( 1.33521, -0.198548)
20 ( 1.3671, -0.209752)
21 ( 1.26036, -0.209372)
21 ( 1.29201, -0.219415)
21 ( 1.32365, -0.230095)
21 ( 1.35527, -0.241385)
21 ( 1.38685, -0.253256)
20 ( 1.2802, -0.250439)
21 ( 1.31158, -0.261213)
21 ( 1.34293, -0.272575)
21 ( 1.37424, -0.284496)
20 ( 1.40548, -0.29695)
21 ( 1.29902, -0.291894)
20 ( 1.3301, -0.303313)
21 ( 1.36114, -0.315271)
20 ( 1.39211, -0.32774)
21 ( 1.42299, -0.340654)
20 ( 1.3168, -0.333592)
21 ( 1.34757, -0.345575)
21 ( 1.37828, -0.358053)
21 ( 1.40893, -0.370945)
21 ( 1.43951, -0.384158)
21 ( 1.33357, -0.375452)
21 ( 1.36408, -0.387967)
21 ( 1.39454, -0.400865)
20 ( 1.42496, -0.41405)
21 ( 1.45532, -0.427427)
21 ( 1.34957, -0.417571)
21 ( 1.37989, -0.430505)
21 ( 1.41019, -0.443693)
21 ( 1.44046, -0.457038)
21 ( 1.47071, -0.470441)
21 ( 1.36506, -0.459959)
21 ( 1.39528, -0.473181)
21 ( 1.42551, -0.486526)
21 ( 1.45573, -0.499894)
21 ( 1.48594, -0.513184)
21 ( 1.38031, -0.502612)
21 ( 1.41053, -0.515988)
21 ( 1.44077, -0.529352)
21 ( 1.47102, -0.542605)
20 ( 1.5013, -0.555647)
21 ( 1.53158, -0.568381)
19 ( 1.3956, -0.54552)
21 ( 1.42591, -0.558912)
21 ( 1.45625, -0.572159)
21 ( 1.48664, -0.585161)
21 ( 1.51705, -0.597823)
19 ( 1.5475, -0.61005)
20 ( 1.41121, -0.58867)
21 ( 1.44169, -0.601941)
21 ( 1.47223, -0.614934)
21 ( 1.50283, -0.627554)
21 ( 1.53348, -0.639709)
21 ( 1.56417, -0.651312)
21 ( 1.39674, -0.618721)
21 ( 1.42741, -0.632045)
21 ( 1.45816, -0.645058)
21 ( 1.48899, -0.657665)
21 ( 1.51988, -0.669778)
21 ( 1.55084, -0.681311)
21 ( 1.58184, -0.692185)
21 ( 1.41349, -0.662562)
20 ( 1.4445, -0.675622)
20 ( 1.4756, -0.688244)
20 ( 1.5068, -0.700341)
21 ( 1.53807, -0.711831)
20 ( 1.5694, -0.722638)
21 ( 1.60078, -0.732691)
20 ( 1.43132, -0.70671)
21 ( 1.46276, -0.719372)
20 ( 1.4943, -0.731478)
20 ( 1.52594, -0.74295)
21 ( 1.55765, -0.753713)
21 ( 1.58943, -0.763704)
21 ( 1.62125, -0.772865)
21 ( 1.45053, -0.751125)
21 ( 1.48247, -0.763261)
21 ( 1.51453, -0.774736)
21 ( 1.54668, -0.785478)
21 ( 1.57891, -0.795427)
20 ( 1.6112, -0.804531)
21 ( 1.64352, -0.812746)
20 ( 1.4714, -0.795758)
21 ( 1.50393, -0.807252)
21 ( 1.53657, -0.817989)
20 ( 1.5693, -0.827914)
21 ( 1.60211, -0.836978)
21 ( 1.63497, -0.845144)
21 ( 1.66787, -0.852383)
21 ( 1.49423, -0.840552)
21 ( 1.52741, -0.851298)
20 ( 1.56071, -0.86121)
21 ( 1.59409, -0.870246)
21 ( 1.62754, -0.878374)
21 ( 1.66104, -0.885571)
21 ( 1.69457, -0.891824)
20 ( 1.5193, -0.885442)
20 ( 1.5532, -0.895349)
21 ( 1.58722, -0.904365)
21 ( 1.62131, -0.912463)
21 ( 1.65547, -0.919624)
21 ( 1.68968, -0.925842)
20 ( 1.72393, -0.93112)
21 ( 1.54689, -0.930357)
21 ( 1.58158, -0.939355)
21 ( 1.61637, -0.947423)
21 ( 1.65125, -0.954551)
21 ( 1.68619, -0.960735)
21 ( 1.72119, -0.965984)
20 ( 1.7562, -0.970287)
21 ( 1.79118, -0.973621)
21 ( 1.57727, -0.975223)
21 ( 1.61281, -0.983259)
20 ( 1.64844, -0.99035)
21 ( 1.68416, -0.996486)
19 ( 1.7199, -1.00165)
20 ( 1.75563, -1.00583)
18 ( 1.79128, -1.009)
19 ( 1.8268, -1.01112)
19 ( 1.6107, -1.01997)
20 ( 1.64713, -1.02699)
19 ( 1.6836, -1.03302)
20 ( 1.72007, -1.03804)
19 ( 1.7565, -1.04204)
20 ( 1.79281, -1.04497)
20 ( 1.82896, -1.04682)
20 ( 1.86487, -1.04753)
19 ( 1.6473, -1.06439)
20 ( 1.68452, -1.07026)
20 ( 1.72171, -1.07508)
20 ( 1.75882, -1.07883)
20 ( 1.79579, -1.08148)
20 ( 1.83255, -1.08299)
20 ( 1.86902, -1.08332)
20 ( 1.90514, -1.08243)
20 ( 1.64896, -1.10247)
20 ( 1.68692, -1.10812)
20 ( 1.72483, -1.11269)
20 ( 1.76262, -1.11614)
20 ( 1.80023, -1.11845)
19 ( 1.8376, -1.11957)
20 ( 1.87463, -1.11947)
19 ( 1.91126, -1.1181)
20 ( 1.94738, -1.11542)
20 ( 1.69084, -1.14655)
20 ( 1.72945, -1.15081)
20 ( 1.76792, -1.15391)
20 ( 1.80617, -1.15582)
19 ( 1.84413, -1.1565)
20 ( 1.88173, -1.15591)
18 ( 1.91886, -1.154)
20 ( 1.95544, -1.15074)
20 ( 1.99135, -1.14609)
19 ( 1.7356, -1.18937)
20 ( 1.77474, -1.19207)
20 ( 1.81363, -1.19353)
20 ( 1.85219, -1.19372)
20 ( 1.89034, -1.19258)
20 ( 1.92799, -1.19009)
19 ( 1.96503, -1.1862)
20 ( 2.00134, -1.18087)
20 ( 2.03682, -1.17407)
20 ( 1.78313, -1.23056)
20 ( 1.82266, -1.23153)
20 ( 1.86183, -1.23117)
20 ( 1.90054, -1.22944)
18 ( 1.9387, -1.2263)
20 ( 1.97619, -1.22173)
20 ( 2.01292, -1.21567)
20 ( 2.04874, -1.20809)
20 ( 2.08353, -1.19899)
20 ( 1.83331, -1.26975)
20 ( 1.87309, -1.26879)
20 ( 1.91237, -1.26641)
20 ( 1.95105, -1.26258)
20 ( 1.98901, -1.25726)
20 ( 2.02615, -1.25042)
20 ( 2.06232, -1.24202)
19 ( 2.0974, -1.23206)
20 ( 2.13124, -1.22051)
20 ( 1.88604, -1.30652)
19 ( 1.9259, -1.30344)
20 ( 1.96511, -1.29886)
20 ( 2.00356, -1.29275)
20 ( 2.04112, -1.28506)
20 ( 2.07766, -1.27579)
20 ( 2.11304, -1.26491)
20 ( 2.14711, -1.25242)
20 ( 2.17971, -1.23834)
20 ( 1.94121, -1.34046)
20 ( 1.98097, -1.33507)
19 ( 2.01992, -1.3281)
20 ( 2.05792, -1.31952)
19 ( 2.09485, -1.3093)
20 ( 2.13055, -1.29745)
20 ( 2.16487, -1.28396)
20 ( 2.19765, -1.26886)
20 ( 2.22875, -1.25218)
18 ( 2.258, -1.23397)
20 ( 1.99871, -1.37114)
20 ( 2.03818, -1.36324)
19 ( 2.07665, -1.3537)
20 ( 2.11398, -1.34248)
20 ( 2.15002, -1.32958)
20 ( 2.18461, -1.31503)
19 ( 2.2176, -1.29884)
20 ( 2.24884, -1.28107)
20 ( 2.27817, -1.26177)
20 ( 2.30545, -1.24104)
20 ( 2.05846, -1.39809)
20 ( 2.09741, -1.38751)
20 ( 2.13517, -1.37521)
20 ( 2.17157, -1.36121)
20 ( 2.20646, -1.34551)
20 ( 2.23968, -1.32817)
20 ( 2.27108, -1.30923)
20 ( 2.30052, -1.28877)
20 ( 2.32785, -1.26689)
20 ( 2.35297, -1.24369)
20 ( 2.12032, -1.42083)
20 ( 2.15853, -1.40738)
20 ( 2.19531, -1.39218)
20 ( 2.23052, -1.37527)
18 ( 2.264, -1.35669)
19 ( 2.29559, -1.3365)
20 ( 2.32516, -1.31479)
20 ( 2.35258, -1.29168)
20 ( 2.37775, -1.26727)
20 ( 2.40059, -1.24171)
20 ( 2.18417, -1.43885)
20 ( 2.22136, -1.42237)
20 ( 2.25691, -1.40414)
20 ( 2.29066, -1.38423)
20 ( 2.32246, -1.36271)
20 ( 2.35218, -1.33966)
20 ( 2.37971, -1.31522)
19 ( 2.40496, -1.2895)
20 ( 2.42795, -1.26265)
20 ( 2.44884, -1.23481)
19 ( 2.2122, -1.46947)
19 ( 2.24983, -1.4516)
20 ( 2.28573, -1.43196)
20 ( 2.31977, -1.41062)
20 ( 2.35179, -1.38766)
20 ( 2.38168, -1.36317)
19 ( 2.40933, -1.3373)
20 ( 2.43471, -1.31017)
20 ( 2.45792, -1.28194)
20 ( 2.47904, -1.25279)
20 ( 2.49817, -1.22283)
20 ( 2.51542, -1.19219)
19 ( 2.2808, -1.47969)
20 ( 2.31707, -1.45853)
19 ( 2.3514, -1.43564)
20 ( 2.38365, -1.41113)
18 ( 2.4137, -1.3851)
19 ( 2.44148, -1.3577)
20 ( 2.46699, -1.32909)
20 ( 2.49033, -1.29944)
20 ( 2.51159, -1.26892)
20 ( 2.53088, -1.23764)
20 ( 2.54827, -1.20572)
20 ( 2.56386, -1.17324)
19 ( 2.57773, -1.1403)
20 ( 2.35101, -1.48363)
20 ( 2.38562, -1.45908)
19 ( 2.41808, -1.4329)
20 ( 2.44825, -1.40522)
20 ( 2.47607, -1.37624)
20 ( 2.50162, -1.34612)
20 ( 2.52502, -1.31503)
19 ( 2.54634, -1.2831)
20 ( 2.56568, -1.25047)
20 ( 2.58314, -1.21722)
20 ( 2.59879, -1.18346)
19 ( 2.6127, -1.14926)
20 ( 2.62495, -1.11468)
20 ( 2.42245, -1.48069)
20 ( 2.45502, -1.45274)
20 ( 2.48515, -1.42338)
20 ( 2.51293, -1.39279)
20 ( 2.53845, -1.36115)
20 ( 2.56181, -1.32859)
19 ( 2.5831, -1.29525)
20 ( 2.60243, -1.26123)
20 ( 2.61986, -1.22664)
20 ( 2.63547, -1.19157)
20 ( 2.64935, -1.15607)
20 ( 2.66155, -1.12023)
20 ( 2.67213, -1.08409)
19 ( 2.68113, -1.0477)
20 ( 2.49423, -1.47051)
20 ( 2.52423, -1.43945)
20 ( 2.55189, -1.40725)
20 ( 2.57729, -1.37407)
20 ( 2.60054, -1.34004)
20 ( 2.62172, -1.30527)
20 ( 2.64094, -1.26986)
20 ( 2.65826, -1.23391)
19 ( 2.67376, -1.1975)
19 ( 2.68751, -1.1607)
20 ( 2.69958, -1.12357)
17 ( 2.71, -1.08616)
20 ( 2.71883, -1.04851)
19 ( 2.7261, -1.01067)
20 ( 2.56532, -1.45334)
20 ( 2.59277, -1.41953)
20 ( 2.61798, -1.38481)
19 ( 2.64104, -1.3493)
20 ( 2.66205, -1.31311)
20 ( 2.68106, -1.27631)
20 ( 2.69819, -1.23898)
19 ( 2.7135, -1.20123)
20 ( 2.72705, -1.16311)
19 ( 2.7389, -1.12467)
20 ( 2.74908, -1.08597)
20 ( 2.75766, -1.04704)
20 ( 2.76465, -1.00792)
21 ( 2.77008, -0.968625)
21 ( 2.77397, -0.929179)
20 ( 2.60824, -1.46498)
20 ( 2.63541, -1.42956)
19 ( 2.66035, -1.3933)
20 ( 2.68315, -1.35631)
19 ( 2.7039, -1.31868)
19 ( 2.72267, -1.2805)
20 ( 2.73952, -1.24183)
20 ( 2.75456, -1.20272)
20 ( 2.76783, -1.16326)
19 ( 2.77939, -1.1235)
20 ( 2.78926, -1.08348)
19 ( 2.7975, -1.04325)
20 ( 2.80413, -1.00281)
21 ( 2.80917, -0.962204)
21 ( 2.81263, -0.921425)
21 ( 2.81451, -0.880476)
20 ( 2.67965, -1.43728)
20 ( 2.70424, -1.39948)
20 ( 2.72672, -1.36101)
20 ( 2.74715, -1.32196)
19 ( 2.76561, -1.2824)
20 ( 2.78216, -1.24238)
20 ( 2.79683, -1.20196)
20 ( 2.80975, -1.16114)
20 ( 2.82094, -1.12003)
20 ( 2.83043, -1.07868)
19 ( 2.83826, -1.0371)
21 ( 2.84445, -0.995317)
21 ( 2.84901, -0.953341)
20 ( 2.85196, -0.91117)
20 ( 2.85327, -0.86879)
21 ( 2.85295, -0.826175)
20 ( 2.72532, -1.44263)
20 ( 2.74951, -1.40331)
20 ( 2.77159, -1.36337)
20 ( 2.79165, -1.32289)
20 ( 2.80974, -1.28195)
20 ( 2.82593, -1.24059)
20 ( 2.84026, -1.19885)
20 ( 2.85272, -1.15676)
20 ( 2.86347, -1.11428)
19 ( 2.8725, -1.07154)
20 ( 2.87985, -1.02858)
21 ( 2.88552, -0.985396)
20 ( 2.88953, -0.94199)
21 ( 2.89188, -0.898349)
21 ( 2.89253, -0.854447)
21 ( 2.89148, -0.810242)
21 ( 2.88865, -0.765675)
20 ( 2.79602, -1.40475)
20 ( 2.81765, -1.36335)
20 ( 2.83726, -1.32145)
20 ( 2.85494, -1.27912)
20 ( 2.87072, -1.23642)
20 ( 2.88465, -1.19336)
20 ( 2.89673, -1.14997)
20 ( 2.90693, -1.10625)
20 ( 2.91544, -1.06209)
20 ( 2.92224, -1.01768)
21 ( 2.92732, -0.973026)
21 ( 2.93069, -0.928107)
21 ( 2.93234, -0.882899)
21 ( 2.93224, -0.837358)
21 ( 2.93033, -0.791426)
21 ( 2.92656, -0.745025)
21 ( 2.92096, -0.697786)
20 ( 2.86476, -1.36091)
20 ( 2.88389, -1.31759)
20 ( 2.90109, -1.27389)
20 ( 2.91642, -1.22982)
20 ( 2.92991, -1.18544)
20 ( 2.94157, -1.14074)
20 ( 2.95138, -1.09572)
20 ( 2.95925, -1.05034)
20 ( 2.96542, -1.00441)
21 ( 2.96983, -0.958196)
21 ( 2.97248, -0.911657)
21 ( 2.97335, -0.864755)
21 ( 2.97237, -0.817429)
21 ( 2.96949, -0.769599)
21 ( 2.96473, -0.720962)
21 ( 2.95843, -0.670735)
21 ( 2.95074, -0.618525)
20 ( 2.91281, -1.35602)
20 ( 2.93141, -1.31129)
19 ( 2.94811, -1.2662)
20 ( 2.96295, -1.22077)
20 ( 2.97597, -1.17504)
18 ( 2.98718, -1.129)
20 ( 2.99656, -1.08265)
20 ( 3.00404, -1.03595)
21 ( 3.00946, -0.988817)
21 ( 3.01314, -0.940917)
21 ( 3.01498, -0.892619)
21 ( 3.01495, -0.843861)
21 ( 3.01298, -0.794561)
20 ( 3.00906, -0.74448)
21 ( 3.00347, -0.693001)
21 ( 2.99636, -0.639752)
21 ( 2.98784, -0.584347)
21 ( 2.97801, -0.526354)
20 ( 2.97974, -1.30251)
20 ( 2.99589, -1.25601)
20 ( 3.01021, -1.20921)
19 ( 3.02274, -1.1621)
19 ( 3.03349, -1.1147)
20 ( 3.04244, -1.06697)
20 ( 3.04953, -1.01887)
20 ( 3.0546, -0.970333)
20 ( 3.0574, -0.921231)
21 ( 3.05834, -0.870992)
19 ( 3.0573, -0.82017)
21 ( 3.05425, -0.768584)
21 ( 3.04938, -0.715789)
21 ( 3.04287, -0.661435)
21 ( 3.03484, -0.605149)
21 ( 3.02541, -0.546522)
20 ( 3.0147, -0.485103)
20 ( 3.04436, -1.24329)
20 ( 3.05815, -1.19507)
20 ( 3.07017, -1.14656)
20 ( 3.08045, -1.09773)
20 ( 3.08897, -1.04857)
21 ( 3.09568, -0.998997)
21 ( 3.10042, -0.948937)
21 ( 3.10296, -0.898261)
21 ( 3.10287, -0.846805)
21 ( 3.10072, -0.793635)
20 ( 3.0966, -0.739445)
20 ( 3.0907, -0.683903)
21 ( 3.08317, -0.626652)
21 ( 3.07414, -0.567303)
21 ( 3.06375, -0.505435)
21 ( 3.05215, -0.440583)
21 ( 3.03964, -0.372214)
20 ( 3.09347, -1.22796)
18 ( 3.1067, -1.1783)
20 ( 3.11821, -1.12832)
20 ( 3.12802, -1.07801)
20 ( 3.13613, -1.02731)
21 ( 3.14248, -0.976159)
21 ( 3.14693, -0.924439)
21 ( 3.14925, -0.872012)
21 ( 3.14902, -0.818738)
21 ( 3.14575, -0.764455)
20 ( 3.1405, -0.707621)
20 ( 3.1335, -0.649302)
21 ( 3.12488, -0.589128)
20 ( 3.1148, -0.526707)
21 ( 3.10342, -0.461615)
20 ( 3.09099, -0.39338)
21 ( 3.07794, -0.321434)
20 ( 3.15584, -1.15879)
20 ( 3.16685, -1.10728)
20 ( 3.17621, -1.05539)
20 ( 3.18392, -1.00305)
21 ( 3.18995, -0.950159)
21 ( 3.19415, -0.896596)
21 ( 3.19626, -0.842293)
21 ( 3.19595, -0.787282)
21 ( 3.19294, -0.731223)
21 ( 3.18669, -0.673697)
21 ( 3.17851, -0.612572)
21 ( 3.16876, -0.549476)
21 ( 3.15759, -0.484026)
21 ( 3.14526, -0.415811)
21 ( 3.13214, -0.344353)
21 ( 3.11887, -0.269014)
20 ( 3.21606, -1.08329)
20 ( 3.22499, -1.02969)
21 ( 3.23235, -0.975554)
20 ( 3.2381, -0.920744)
21 ( 3.24204, -0.865269)
21 ( 3.24394, -0.809345)
21 ( 3.24375, -0.752683)
21 ( 3.24122, -0.694926)
21 ( 3.23582, -0.635666)
20 ( 3.22679, -0.57442)
21 ( 3.21586, -0.508474)
21 ( 3.20362, -0.440156)
21 ( 3.19041, -0.369077)
20 ( 3.17683, -0.29474)
21 ( 3.16389, -0.216361)
21 ( 3.15348, -0.132541)
19 ( 3.2744, -1.00071)
20 ( 3.28145, -0.94457)
21 ( 3.28687, -0.887824)
21 ( 3.29046, -0.830859)
21 ( 3.29236, -0.773422)
21 ( 3.29255, -0.715205)
21 ( 3.29076, -0.655875)
21 ( 3.28649, -0.595059)
21 ( 3.27901, -0.532321)
21 ( 3.26744, -0.467109)
21 ( 3.25415, -0.396296)
21 ( 3.24022, -0.322881)
21 ( 3.22654, -0.246304)
20 ( 3.21472, -0.16551)
21 ( 3.20792, -0.078419)
21 ( 3.33113, -0.910055)
21 ( 3.33606, -0.851957)
21 ( 3.33953, -0.793626)
21 ( 3.34169, -0.734789)
21 ( 3.34251, -0.675169)
21 ( 3.34175, -0.614487)
21 ( 3.33891, -0.552443)
21 ( 3.33327, -0.488692)
21 ( 3.32401, -0.422776)
21 ( 3.31046, -0.354045)
21 ( 3.29599, -0.279256)
21 ( 3.28268, -0.201559)
20 ( 3.2731, -0.119436)
21 ( 3.27264, -0.029869)
20 ( 3.3858, -0.813411)
21 ( 3.38943, -0.753839)
21 ( 3.39212, -0.693774)
21 ( 3.39386, -0.633008)
20 ( 3.3944, -0.571359)
21 ( 3.39327, -0.508659)
21 ( 3.38975, -0.444717)
21 ( 3.38305, -0.379235)
20 ( 3.3726, -0.311683)
21 ( 3.35851, -0.241104)
21 ( 3.34602, -0.164185)
22 ( 3.34004, -0.0826685)
22 ( 3.34902, 0.00652314)
20 ( 3.38122, 0.100836)
21 ( 3.44036, -0.711832)
20 ( 3.44387, -0.65083)
21 ( 3.44681, -0.589355)
21 ( 3.44892, -0.527393)
21 ( 3.44972, -0.464986)
21 ( 3.44849, -0.402192)
21 ( 3.44445, -0.338967)
21 ( 3.43704, -0.274973)
21 ( 3.42662, -0.209265)
21 ( 3.41559, -0.139765)
22 ( 3.41391, -0.0624818)
20 ( 3.4309, 0.0201075)
20 ( 3.47217, 0.104029)
21 ( 3.50154, -0.545175)
21 ( 3.50541, -0.483966)
21 ( 3.50825, -0.423376)
21 ( 3.50926, -0.363843)
21 ( 3.50753, -0.305717)
21 ( 3.50238, -0.248957)
21 ( 3.49415, -0.192609)
21 ( 3.48611, -0.133687)
22 ( 3.48719, -0.0668084)
22 ( 3.50937, 0.00735487)
21 ( 3.55502, 0.0807696)
20 ( 3.61902, 0.148839)
21 ( 3.57112, -0.333804)
21 ( 3.57031, -0.285134)
19 ( 3.56464, -0.2411)
21 ( 3.55429, -0.199384)
21 ( 3.54673, -0.151517)
22 ( 3.55179, -0.0936943)
22 ( 3.57739, -0.0283746)
21 ( 3.62608, 0.0376276)
20 ( 3.69057, 0.099579)
21 ( 3.60003, -0.229818)
21 ( 3.59253, -0.188898)
21 ( 3.60297, -0.136804)
21 ( 3.63588, -0.078385)
22 ( 3.68866, -0.0182715)
21 ( 3.75626, 0.0407382)
21 ( 3.83075, 0.0989602)
21 ( 3.64642, -0.189308)
21 ( 3.68968, -0.136131)
21 ( 3.7507, -0.0808937)
22 ( 3.82306, -0.0236326)
21 ( 3.90435, 0.0350451)
21 ( 3.99565, 0.0939649)
20 ( 4.09992, 0.152849)
20 ( 3.8179, -0.146358)
22 ( 3.89777, -0.0904863)
22 ( 3.98791, -0.0322722)
21 ( 4.09201, 0.0266146)
21 ( 4.21211, 0.0851958)
21 ( 3.98241, -0.158627)
21 ( 4.08528, -0.101718)
22 ( 4.20433, -0.0436141)
21 ( 4.34341, 0.0144102)
21 ( 4.07996, -0.228088)
20 ( 4.1986, -0.172532)
21 ( 4.33658, -0.115858)
22 ( 4.49704, -0.0589545)
20 ( 3.03552, 0.439146)
19 ( 3.0707, 0.408702)
20 ( 3.10589, 0.378258)
20 ( 3.14107, 0.347814)
20 ( 3.04565, 0.480157)
20 ( 3.09096, 0.490725)
20 ( 3.13627, 0.501292)
20 ( 3.18158, 0.511859)
20 ( 3.22689, 0.522427)
20 ( 3.01843, 0.512457)
20 ( 3.03651, 0.555324)
19 ( 3.05459, 0.59819)
20 ( 3.07267, 0.641057)
20 ( 3.09076, 0.683924)
19 ( 3.10884, 0.72679)
20 ( 2.97629, 0.509416)
20 ( 2.95224, 0.549241)
20 ( 2.92819, 0.589067)
20 ( 2.90414, 0.628892)
20 ( 2.88009, 0.668718)
20 ( 2.85604, 0.708543)
20 ( 2.83198, 0.748369)
20 ( 2.80793, 0.788194)
20 ( 2.95399, 0.473541)
20 ( 2.90763, 0.477492)
20 ( 2.86127, 0.481443)
20 ( 2.81492, 0.485394)
20 ( 3.02016, 0.436772)
20 ( 3.01489, 0.374963)
20 ( 3.00963, 0.313155)
20 ( 3.00436, 0.251346)
20 ( 2.99909, 0.189539)
20 ( 2.99382, 0.127729)
20 ( 3.03998, 0.403955)
20 ( 3.03471, 0.342146)
20 ( 3.02945, 0.280337)
20 ( 3.02418, 0.218528)
19 ( 3.01891, 0.15672)
21 ( 3.01364, 0.0949113)
20 ( 3.05453, 0.309328)
20 ( 3.04927, 0.247519)
17 ( 3.044, 0.18571)
20 ( 3.03873, 0.123902)
20 ( 3.03346, 0.062093)
18 ( 2.97526, 0.4406)
20 ( 2.96999, 0.378791)
20 ( 2.96472, 0.316983)
20 ( 2.95945, 0.255174)
20 ( 2.95418, 0.193365)
20 ( 2.94892, 0.131557)
20 ( 2.95017, 0.411609)
19 ( 2.9449, 0.349801)
20 ( 2.93963, 0.287992)
20 ( 2.93436, 0.226184)
19 ( 2.9291, 0.164374)
20 ( 2.92383, 0.102566)
20 ( 2.92508, 0.382618)
19 ( 2.91981, 0.32081)
20 ( 2.91454, 0.259001)
20 ( 2.90928, 0.197192)
20 ( 2.90401, 0.135384)
19 ( 3.00034, 0.46959)
20 ( 2.99507, 0.407782)
20 ( 2.98981, 0.345973)
20 ( 2.98454, 0.284165)
20 ( 2.97927, 0.222356)
18 ( 2.974, 0.160548)
20 ( 3.01273, 0.165994)
20 ( 3.06363, 0.130527)
21 ( 3.11452, 0.0950607)
21 ( 3.16542, 0.0595946)
21 ( 3.21631, 0.0241283)
20 ( 3.05106, 0.166749)
20 ( 3.10196, 0.131283)
21 ( 3.15285, 0.0958165)
21 ( 3.20375, 0.0603487)
21 ( 3.25464, 0.0248823)
19 ( 3.0894, 0.167504)
20 ( 3.14029, 0.132038)
21 ( 3.19118, 0.0965712)
21 ( 3.24208, 0.0611038)
20 ( 2.98697, 0.129017)
21 ( 3.03786, 0.0935515)
21 ( 3.08875, 0.0580841)
21 ( 3.13965, 0.0226184)
22 ( 3.19054, -0.0128491)
21 ( 2.99953, 0.0927968)
19 ( 3.05042, 0.05733)
21 ( 3.10132, 0.0218628)
22 ( 3.15221, -0.0136035)
21 ( 3.01209, 0.0565745)
21 ( 3.06298, 0.0211083)
22 ( 3.11388, -0.0143584)
22 ( 3.16477, -0.0498251)
19 ( 2.9744, 0.165239)
19 ( 3.0253, 0.129773)
21 ( 3.07619, 0.0943066)
21 ( 3.12708, 0.0588388)
21 ( 3.17798, 0.0233733)
21 ( 3.95568, -0.597355)
20 ( 3.9377, -0.554443)
21 ( 3.91973, -0.511531)
20 ( 3.90175, -0.46862)
20 ( 3.9978, -0.600501)
21 ( 4.02195, -0.560736)
20 ( 4.0461, -0.520971)
21 ( 4.07025, -0.481206)
19 ( 4.0944, -0.44144)
21 ( 4.02002, -0.636432)
21 ( 4.06638, -0.632596)
21 ( 4.11275, -0.628761)
21 ( 4.15912, -0.624926)
21 ( 4.20548, -0.621091)
21 ( 4.25185, -0.617256)
21 ( 4.00401, -0.675523)
20 ( 4.03436, -0.71078)
21 ( 4.06472, -0.746037)
21 ( 4.09508, -0.781294)
21 ( 4.12543, -0.816551)
21 ( 4.15579, -0.851807)
21 ( 4.18614, -0.887064)
20 ( 4.2165, -0.922321)
21 ( 3.96297, -0.685549)
21 ( 3.95229, -0.730831)
21 ( 3.94161, -0.776113)
21 ( 3.93093, -0.821395)
21 ( 3.93829, -0.655079)
21 ( 3.87791, -0.640839)
21 ( 3.81754, -0.626598)
21 ( 3.75716, -0.612357)
21 ( 3.69679, -0.598116)
21 ( 3.63641, -0.583876)
21 ( 3.90293, -0.669892)
21 ( 3.84255, -0.655651)
21 ( 3.78218, -0.641411)
19 ( 3.7218, -0.62717)
21 ( 3.66142, -0.612929)
21 ( 3.60105, -0.598688)
21 ( 3.86757, -0.684704)
21 ( 3.80719, -0.670464)
21 ( 3.74682, -0.656223)
21 ( 3.68644, -0.641981)
21 ( 3.62606, -0.627742)
21 ( 3.94864, -0.611214)
21 ( 3.88826, -0.596972)
21 ( 3.82788, -0.582732)
21 ( 3.76751, -0.568491)
20 ( 3.70713, -0.55425)
20 ( 3.64676, -0.54001)
20 ( 3.92362, -0.58216)
21 ( 3.86325, -0.567919)
21 ( 3.80287, -0.553679)
21 ( 3.74249, -0.539437)
21 ( 3.68212, -0.525198)
21 ( 3.62174, -0.510958)
21 ( 3.83823, -0.538867)
21 ( 3.77785, -0.524626)
21 ( 3.71748, -0.510385)
20 ( 3.6571, -0.496144)
21 ( 3.59673, -0.481904)
21 ( 3.97365, -0.640267)
21 ( 3.91328, -0.626026)
20 ( 3.8529, -0.611785)
21 ( 3.79252, -0.597544)
21 ( 3.73215, -0.583303)
21 ( 3.67177, -0.569063)
20 ( 3.6471, -0.545362)
21 ( 3.63238, -0.485102)
21 ( 3.61766, -0.424841)
21 ( 3.60294, -0.364581)
21 ( 3.61785, -0.520579)
21 ( 3.60313, -0.460319)
21 ( 3.58841, -0.400058)
20 ( 3.5886, -0.495797)
21 ( 3.57388, -0.435536)
21 ( 3.69088, -0.534666)
21 ( 3.67616, -0.474406)
21 ( 3.66144, -0.414144)
21 ( 3.64672, -0.353885)
19 ( 3.632, -0.293624)
21 ( 3.70542, -0.499187)
21 ( 3.69069, -0.438927)
21 ( 3.67597, -0.378667)
21 ( 3.66125, -0.318406)
21 ( 3.64653, -0.258146)
21 ( 3.71995, -0.463709)
21 ( 3.70522, -0.403448)
20 ( 3.6905, -0.343188)
21 ( 3.67578, -0.282929)
21 ( 3.66106, -0.222668)
21 ( 3.67635, -0.570144)
21 ( 3.66163, -0.509883)
21 ( 3.64691, -0.449624)
21 ( 3.63219, -0.389362)
21 ( 3.61747, -0.329103)
20 ( 2.4155, -0.573198)
21 ( 2.43148, -0.529504)
20 ( 2.44746, -0.48581)
21 ( 2.46344, -0.442117)
21 ( 2.38677, -0.572149)
21 ( 2.37401, -0.527407)
21 ( 2.36126, -0.482664)
21 ( 2.34851, -0.437922)
20 ( 2.33575, -0.39318)
19 ( 2.323, -0.348437)
19 ( 2.3629, -0.58819)
21 ( 2.32629, -0.559489)
21 ( 2.28967, -0.530788)
21 ( 2.25305, -0.502087)
21 ( 2.21644, -0.473386)
21 ( 2.17982, -0.444685)
20 ( 2.1432, -0.415984)
21 ( 2.35303, -0.615194)
21 ( 2.30653, -0.613498)
21 ( 2.26004, -0.611801)
21 ( 2.21355, -0.610104)
21 ( 2.16705, -0.608407)
20 ( 2.12056, -0.60671)
21 ( 2.07406, -0.605013)
21 ( 2.02757, -0.603316)
21 ( 1.98108, -0.601619)
21 ( 2.36091, -0.642847)
20 ( 2.3223, -0.668802)
21 ( 2.28368, -0.694758)
21 ( 2.24507, -0.720713)
21 ( 2.20646, -0.746668)
21 ( 2.16785, -0.772624)
21 ( 2.43134, -0.595503)
21 ( 2.49333, -0.597765)
21 ( 2.55532, -0.600028)
20 ( 2.61731, -0.60229)
20 ( 2.6793, -0.604553)
21 ( 2.74129, -0.606815)
21 ( 2.80329, -0.609077)
21 ( 2.46315, -0.574114)
21 ( 2.52515, -0.576377)
20 ( 2.58714, -0.57864)
21 ( 2.64913, -0.580902)
21 ( 2.71112, -0.583164)
21 ( 2.77311, -0.585428)
21 ( 2.49497, -0.552726)
21 ( 2.55696, -0.554989)
21 ( 2.61895, -0.557252)
21 ( 2.68095, -0.559513)
21 ( 2.74294, -0.561776)
21 ( 2.80493, -0.564039)
21 ( 2.42969, -0.640542)
21 ( 2.49168, -0.642804)
21 ( 2.55368, -0.645067)
21 ( 2.61567, -0.647329)
21 ( 2.67766, -0.649592)
21 ( 2.73965, -0.651855)
21 ( 2.80164, -0.654118)
21 ( 2.45987, -0.664194)
21 ( 2.52186, -0.666455)
21 ( 2.58385, -0.668718)
20 ( 2.64584, -0.67098)
21 ( 2.70783, -0.673244)
21 ( 2.76982, -0.675506)
21 ( 2.83181, -0.677769)
21 ( 2.49004, -0.687844)
21 ( 2.55203, -0.690107)
21 ( 2.61402, -0.692369)
21 ( 2.67601, -0.694632)
21 ( 2.73801, -0.696894)
17 ( 2.8, -0.699157)
21 ( 2.39952, -0.616891)
21 ( 2.46151, -0.619154)
20 ( 2.5235, -0.621417)
21 ( 2.58549, -0.623679)
21 ( 2.64749, -0.625941)
21 ( 2.70948, -0.628204)
21 ( 2.77147, -0.630466)
21 ( 2.76977, -0.661441)
20 ( 2.7675, -0.723433)
21 ( 2.76524, -0.785424)
21 ( 2.76298, -0.847415)
21 ( 2.76072, -0.909407)
21 ( 2.79116, -0.693259)
20 ( 2.78889, -0.75525)
21 ( 2.78663, -0.817242)
21 ( 2.78437, -0.879233)
21 ( 2.81254, -0.725077)
21 ( 2.81028, -0.787068)
21 ( 2.80802, -0.849058)
21 ( 2.72473, -0.659797)
21 ( 2.72246, -0.721789)
19 ( 2.7202, -0.78378)
21 ( 2.71794, -0.845772)
21 ( 2.71568, -0.907763)
21 ( 2.71341, -0.969754)
21 ( 2.70108, -0.689971)
21 ( 2.69881, -0.751963)
21 ( 2.69655, -0.813955)
21 ( 2.69429, -0.875945)
21 ( 2.69203, -0.937937)
21 ( 2.68976, -0.999928)
21 ( 2.67742, -0.720145)
21 ( 2.67516, -0.782136)
20 ( 2.6729, -0.844128)
21 ( 2.67064, -0.906119)
21 ( 2.66838, -0.968112)
19 ( 2.66611, -1.0301)
21 ( 2.74838, -0.629624)
21 ( 2.74612, -0.691616)
21 ( 2.74385, -0.753606)
21 ( 2.74159, -0.815598)
20 ( 2.73933, -0.87759)
21 ( 2.73707, -0.939582)
19 ( 3.5824, -1.54615)
20 ( 3.59838, -1.50246)
20 ( 3.61436, -1.45876)
20 ( 3.63034, -1.41507)
20 ( 3.61116, -1.57709)
19 ( 3.6559, -1.56434)
20 ( 3.70064, -1.55158)
20 ( 3.74538, -1.53883)
20 ( 3.79013, -1.52607)
20 ( 3.83487, -1.51332)
20 ( 3.60303, -1.61854)
20 ( 3.63965, -1.64724)
20 ( 3.67626, -1.67595)
20 ( 3.71288, -1.70465)
19 ( 3.7495, -1.73335)
20 ( 3.78611, -1.76205)
20 ( 3.82273, -1.79075)
20 ( 3.56472, -1.63634)
20 ( 3.56302, -1.68283)
20 ( 3.56132, -1.72932)
20 ( 3.55963, -1.77582)
20 ( 3.55793, -1.82231)
19 ( 3.55623, -1.8688)
19 ( 3.55454, -1.9153)
20 ( 3.55284, -1.96179)
20 ( 3.55114, -2.00828)
18 ( 3.5278, -1.6158)
20 ( 3.48919, -1.64175)
20 ( 3.45058, -1.66771)
20 ( 3.41197, -1.69366)
20 ( 3.37336, -1.71962)
20 ( 3.33475, -1.74557)
20 ( 3.53041, -1.57667)
19 ( 3.4958, -1.52519)
20 ( 3.46119, -1.47371)
20 ( 3.42659, -1.42223)
20 ( 3.39198, -1.37075)
20 ( 3.35737, -1.31926)
20 ( 3.32277, -1.26778)
18 ( 3.4944, -1.5635)
19 ( 3.4598, -1.51202)
20 ( 3.42519, -1.46054)
20 ( 3.39058, -1.40906)
20 ( 3.35597, -1.35758)
20 ( 3.32137, -1.30609)
20 ( 3.28676, -1.25461)
19 ( 3.4584, -1.55033)
20 ( 3.42379, -1.49885)
20 ( 3.38918, -1.44737)
20 ( 3.35458, -1.39589)
20 ( 3.31997, -1.34441)
20 ( 3.28536, -1.29292)
20 ( 3.25075, -1.24144)
20 ( 3.56781, -1.55153)
20 ( 3.53321, -1.50005)
19 ( 3.4986, -1.44857)
20 ( 3.46399, -1.39708)
19 ( 3.42938, -1.3456)
20 ( 3.39478, -1.29412)
20 ( 3.36017, -1.24264)
20 ( 3.56921, -1.51322)
19 ( 3.5346, -1.46174)
16 ( 3.5, -1.41025)
20 ( 3.46539, -1.35877)
20 ( 3.43078, -1.30729)
20 ( 3.39617, -1.25581)
20 ( 3.36157, -1.20433)
19 ( 3.57061, -1.4749)
18 ( 3.536, -1.42342)
20 ( 3.50139, -1.37194)
20 ( 3.46679, -1.32046)
20 ( 3.43218, -1.26898)
20 ( 3.39757, -1.21749)
20 ( 3.56641, -1.58984)
20 ( 3.53181, -1.53836)
19 ( 3.4972, -1.48688)
19 ( 3.46259, -1.4354)
20 ( 3.42798, -1.38392)
20 ( 3.39338, -1.33243)
20 ( 3.35877, -1.28095)
20 ( 3.33984, -1.32151)
20 ( 3.27785, -1.31925)
20 ( 3.21586, -1.31699)
20 ( 3.15387, -1.31473)
20 ( 3.09188, -1.31246)
19 ( 3.02989, -1.3102)
19 ( 3.30803, -1.3429)
20 ( 3.24603, -1.34064)
20 ( 3.18404, -1.33838)
20 ( 3.12205, -1.33612)
20 ( 3.06006, -1.33385)
20 ( 2.99807, -1.33159)
20 ( 3.27621, -1.36429)
20 ( 3.21422, -1.36203)
20 ( 3.15223, -1.35977)
19 ( 3.09023, -1.3575)
20 ( 3.02824, -1.35524)
20 ( 2.96625, -1.35298)
20 ( 3.34149, -1.27648)
19 ( 3.2795, -1.27421)
19 ( 3.2175, -1.27195)
20 ( 3.15551, -1.26969)
20 ( 3.09352, -1.26743)
20 ( 3.31131, -1.25282)
20 ( 3.24932, -1.25056)
19 ( 3.18733, -1.2483)
20 ( 3.12534, -1.24604)
20 ( 3.28114, -1.22917)
20 ( 3.21915, -1.22691)
20 ( 3.15716, -1.22465)
20 ( 3.37166, -1.30013)
20 ( 3.30967, -1.29786)
19 ( 3.24768, -1.2956)
20 ( 3.18569, -1.29334)
20 ( 3.12369, -1.29108)
19 ( 3.0617, -1.28881)
