1142
20 ( 4.09708, -0.32821)
21 ( 4.10818, -0.294849)
21 ( 4.12375, -0.267921)
21 ( 4.14378, -0.247384)
21 ( 4.16828, -0.233239)
21 ( 4.19661, -0.225657)
21 ( 4.22491, -0.225673)
21 ( 4.25252, -0.233458)
21 ( 4.27945, -0.249012)
21 ( 4.30574, -0.272367)
21 ( 4.34114, -0.246591)
20 ( 4.3931, -0.221687)
21 ( 4.44771, -0.194421)
21 ( 4.50505, -0.165453)
20 ( 4.56521, -0.13544)
21 ( 4.57698, -0.127495)
21 ( 4.58637, -0.116424)
20 ( 4.5934, -0.102213)
22 ( 4.59808, -0.0848627)
22 ( 4.60042, -0.0643724)
22 ( 4.60024, -0.0437506)
21 ( 4.5974, -0.0260055)
22 ( 4.59188, -0.0111372)
23 ( 4.58371, 0.000854264)
22 ( 4.57283, 0.00998544)
21 ( 4.51614, 0.0461222)
21 ( 4.46214, 0.0809263)
20 ( 4.41068, 0.113751)
19 ( 4.36161, 0.14395)
20 ( 4.32909, 0.173285)
20 ( 4.30051, 0.152806)
19 ( 4.2721, 0.140152)
20 ( 4.24382, 0.135296)
20 ( 4.21568, 0.138238)
19 ( 4.1883, 0.148739)
20 ( 4.16541, 0.165368)
20 ( 4.14764, 0.187887)
20 ( 4.13497, 0.216294)
20 ( 4.12742, 0.250633)
20 ( 4.10469, 0.236428)
20 ( 4.07284, 0.227501)
20 ( 4.03765, 0.213469)
20 ( 4.00364, 0.192975)
20 ( 3.97089, 0.169601)
20 ( 3.93947, 0.147067)
20 ( 3.90946, 0.129097)
20 ( 3.88096, 0.119411)
19 ( 3.85391, 0.11915)
20 ( 3.82784, 0.121652)
20 ( 3.80256, 0.125109)
20 ( 3.77759, 0.129382)
20 ( 3.75253, 0.134254)
20 ( 3.72722, 0.139464)
20 ( 3.70151, 0.144732)
20 ( 3.67522, 0.149757)
20 ( 3.64816, 0.154205)
20 ( 3.62016, 0.157703)
20 ( 3.59108, 0.159857)
20 ( 3.56081, 0.160314)
20 ( 3.52933, 0.158698)
19 ( 3.4967, 0.154611)
20 ( 3.46315, 0.147662)
18 ( 3.429, 0.137517)
20 ( 3.39475, 0.123957)
20 ( 3.36093, 0.106912)
21 ( 3.32809, 0.0864758)
20 ( 3.2967, 0.0628773)
21 ( 3.29259, 0.0592125)
20 ( 3.2582, 0.0829583)
19 ( 3.22083, 0.10811)
20 ( 3.18849, 0.129262)
18 ( 3.16081, 0.1468)
20 ( 3.13741, 0.161111)
20 ( 3.11789, 0.172581)
20 ( 3.10189, 0.181595)
19 ( 3.08901, 0.18854)
20 ( 3.07888, 0.193801)
20 ( 3.07112, 0.197766)
20 ( 3.06535, 0.200819)
20 ( 3.06121, 0.203437)
20 ( 3.05863, 0.206887)
19 ( 3.0577, 0.212838)
20 ( 3.05849, 0.222962)
20 ( 3.06107, 0.238934)
20 ( 3.06531, 0.262218)
20 ( 3.06892, 0.292175)
20 ( 3.06837, 0.326907)
20 ( 3.06222, 0.361894)
19 ( 3.05314, 0.38749)
20 ( 3.04451, 0.398623)
20 ( 3.04007, 0.400605)
20 ( 3.04345, 0.399706)
20 ( 3.05449, 0.396112)
20 ( 3.06936, 0.384117)
19 ( 3.08486, 0.36001)
20 ( 3.10184, 0.331651)
20 ( 3.12236, 0.310463)
20 ( 3.14563, 0.302215)
20 ( 3.16725, 0.305426)
20 ( 3.18257, 0.318131)
20 ( 3.18836, 0.337513)
19 ( 3.18392, 0.35916)
19 ( 3.16886, 0.37849)
20 ( 3.14449, 0.392581)
20 ( 3.11724, 0.403379)
20 ( 3.09441, 0.413706)
20 ( 3.08075, 0.425286)
20 ( 3.07578, 0.437637)
20 ( 3.07843, 0.450008)
20 ( 3.08774, 0.461555)
20 ( 3.10332, 0.470958)
20 ( 3.12496, 0.476744)
19 ( 3.15243, 0.47752)
19 ( 3.18408, 0.47436)
20 ( 3.21663, 0.471309)
19 ( 3.24667, 0.47259)
20 ( 3.27122, 0.481432)
20 ( 3.28901, 0.496535)
20 ( 3.29934, 0.515294)
20 ( 3.30147, 0.535107)
20 ( 3.29486, 0.553422)
20 ( 3.28059, 0.568136)
20 ( 3.26058, 0.577376)
19 ( 3.23673, 0.57927)
20 ( 3.21095, 0.572205)
20 ( 3.18474, 0.558182)
20 ( 3.15934, 0.541844)
18 ( 3.13599, 0.5279)
20 ( 3.11575, 0.520219)
19 ( 3.09895, 0.51896)
20 ( 3.08575, 0.523257)
20 ( 3.07626, 0.532243)
20 ( 3.07069, 0.545084)
20 ( 3.06966, 0.561126)
20 ( 3.07391, 0.579781)
20 ( 3.08418, 0.600459)
20 ( 3.10096, 0.622592)
18 ( 3.122, 0.645815)
20 ( 3.14333, 0.669894)
20 ( 3.16101, 0.694592)
20 ( 3.17129, 0.719617)
19 ( 3.1733, 0.743903)
19 ( 3.16826, 0.76584)
20 ( 3.15739, 0.783804)
19 ( 3.14195, 0.79617)
20 ( 3.12323, 0.801492)
18 ( 3.103, 0.799603)
20 ( 3.08324, 0.790906)
20 ( 3.06593, 0.775808)
20 ( 3.05304, 0.754714)
20 ( 3.04571, 0.728492)
20 ( 3.04234, 0.699519)
20 ( 3.04076, 0.670487)
20 ( 3.03881, 0.644084)
19 ( 3.03451, 0.62279)
20 ( 3.02746, 0.607224)
20 ( 3.01808, 0.597031)
20 ( 3.00683, 0.591847)
20 ( 2.99414, 0.591311)
20 ( 2.98047, 0.595088)
19 ( 2.96639, 0.60312)
20 ( 2.95254, 0.615509)
20 ( 2.93956, 0.632356)
20 ( 2.92808, 0.653764)
20 ( 2.91874, 0.679816)
19 ( 2.9114, 0.709782)
20 ( 2.90486, 0.741818)
20 ( 2.89789, 0.774004)
20 ( 2.88923, 0.804417)
20 ( 2.87761, 0.831134)
20 ( 2.86224, 0.852612)
19 ( 2.8439, 0.868623)
19 ( 2.8237, 0.879227)
20 ( 2.80275, 0.884484)
20 ( 2.78218, 0.884451)
20 ( 2.76311, 0.879187)
20 ( 2.74662, 0.868781)
20 ( 2.73356, 0.853781)
20 ( 2.72454, 0.835114)
20 ( 2.72017, 0.813722)
20 ( 2.72104, 0.790543)
20 ( 2.72777, 0.766518)
20 ( 2.74096, 0.742586)
20 ( 2.76068, 0.719461)
20 ( 2.78503, 0.697016)
20 ( 2.81163, 0.674927)
20 ( 2.83811, 0.652869)
19 ( 2.8621, 0.630519)
20 ( 2.88147, 0.607662)
20 ( 2.89592, 0.584866)
20 ( 2.90591, 0.563035)
20 ( 2.91191, 0.543077)
20 ( 2.91438, 0.525899)
19 ( 2.91361, 0.51238)
20 ( 2.90913, 0.503291)
20 ( 2.90027, 0.499376)
20 ( 2.88637, 0.501378)
20 ( 2.86707, 0.509487)
20 ( 2.84398, 0.519902)
20 ( 2.81962, 0.527077)
20 ( 2.79653, 0.525807)
20 ( 2.77757, 0.515625)
20 ( 2.76586, 0.499494)
20 ( 2.76442, 0.480476)
20 ( 2.77391, 0.462213)
20 ( 2.79272, 0.448917)
20 ( 2.81913, 0.444801)
18 ( 2.85027, 0.4501)
20 ( 2.88078, 0.456191)
20 ( 2.90524, 0.453968)
20 ( 2.92207, 0.443507)
20 ( 2.93233, 0.431276)
20 ( 2.93711, 0.422201)
20 ( 2.93716, 0.414301)
19 ( 2.93317, 0.40381)
20 ( 2.92588, 0.387088)
20 ( 2.91675, 0.362851)
20 ( 2.90789, 0.331868)
20 ( 2.90118, 0.295286)
20 ( 2.89673, 0.256294)
20 ( 2.89396, 0.218905)
20 ( 2.89229, 0.187125)
19 ( 2.89135, 0.16341)
20 ( 2.89122, 0.146654)
20 ( 2.89205, 0.135254)
20 ( 2.89398, 0.127609)
20 ( 2.89718, 0.122115)
20 ( 2.90179, 0.117171)
20 ( 2.90797, 0.111326)
20 ( 2.91588, 0.104113)
20 ( 2.9257, 0.0954626)
20 ( 2.9376, 0.0853037)
21 ( 2.95176, 0.0735664)
21 ( 2.96835, 0.0601806)
21 ( 2.98754, 0.0450763)
21 ( 3.00951, 0.0281831)
22 ( 3.03443, 0.00943118)
22 ( 3.06248, -0.0112497)
22 ( 3.09383, -0.0339297)
22 ( 3.12866, -0.0586789)
22 ( 3.16714, -0.0855674)
22 ( 3.16941, -0.0871334)
21 ( 3.15293, -0.114183)
21 ( 3.13504, -0.146028)
21 ( 3.11817, -0.178339)
21 ( 3.10214, -0.211075)
21 ( 3.08681, -0.244184)
21 ( 3.07208, -0.277602)
21 ( 3.05783, -0.311257)
21 ( 3.04399, -0.345066)
20 ( 3.0305, -0.378941)
21 ( 3.01728, -0.412785)
21 ( 3.00429, -0.446496)
21 ( 2.99147, -0.479966)
21 ( 2.97878, -0.513086)
21 ( 2.96619, -0.545741)
21 ( 2.95366, -0.577812)
21 ( 2.94115, -0.609178)
21 ( 2.92865, -0.639718)
21 ( 2.91612, -0.669311)
21 ( 2.90356, -0.697839)
21 ( 2.89094, -0.725232)
21 ( 2.87797, -0.751954)
21 ( 2.86459, -0.778152)
21 ( 2.85079, -0.803821)
20 ( 2.84539, -0.81339)
20 ( 2.84482, -0.78094)
20 ( 2.84354, -0.74244)
21 ( 2.84183, -0.707999)
20 ( 2.8398, -0.677492)
21 ( 2.83754, -0.650797)
21 ( 2.83515, -0.627792)
21 ( 2.83274, -0.608353)
21 ( 2.83041, -0.592359)
21 ( 2.82826, -0.579685)
21 ( 2.82612, -0.570133)
21 ( 2.82247, -0.563097)
21 ( 2.81531, -0.557838)
21 ( 2.80265, -0.553617)
21 ( 2.78251, -0.549694)
21 ( 2.75289, -0.545329)
21 ( 2.71275, -0.540098)
20 ( 2.66575, -0.53513)
20 ( 2.61699, -0.53204)
21 ( 2.57159, -0.532437)
21 ( 2.53374, -0.537109)
20 ( 2.50485, -0.54431)
21 ( 2.48576, -0.551815)
21 ( 2.47536, -0.557392)
21 ( 2.46992, -0.558807)
21 ( 2.46551, -0.553825)
21 ( 2.46011, -0.540789)
21 ( 2.45995, -0.520528)
21 ( 2.47307, -0.494559)
21 ( 2.49667, -0.464736)
21 ( 2.51637, -0.433282)
21 ( 2.52092, -0.402893)
21 ( 2.51178, -0.377814)
21 ( 2.49312, -0.362623)
21 ( 2.46939, -0.361039)
20 ( 2.4462, -0.372821)
21 ( 2.42955, -0.396582)
21 ( 2.42348, -0.429897)
21 ( 2.42357, -0.465719)
21 ( 2.42304, -0.495763)
21 ( 2.41813, -0.514883)
18 ( 2.41, -0.523161)
21 ( 2.40032, -0.521173)
21 ( 2.39082, -0.509496)
21 ( 2.38347, -0.488708)
21 ( 2.38026, -0.459389)
20 ( 2.3821, -0.422765)
21 ( 2.38513, -0.383014)
21 ( 2.38407, -0.345154)
21 ( 2.37423, -0.313944)
20 ( 2.35611, -0.29162)
21 ( 2.33324, -0.278977)
21 ( 2.30914, -0.276795)
21 ( 2.28732, -0.285644)
21 ( 2.27058, -0.304033)
21 ( 2.26139, -0.329293)
20 ( 2.2622, -0.358741)
21 ( 2.27469, -0.389783)
21 ( 2.29499, -0.420492)
21 ( 2.31669, -0.449243)
21 ( 2.33346, -0.474421)
20 ( 2.34208, -0.49487)
21 ( 2.34337, -0.510018)
21 ( 2.33839, -0.519333)
21 ( 2.32823, -0.522282)
21 ( 2.31402, -0.518323)
20 ( 2.29699, -0.50691)
21 ( 2.27834, -0.487496)
21 ( 2.25918, -0.459839)
21 ( 2.23938, -0.427069)
20 ( 2.21804, -0.39442)
21 ( 2.19428, -0.367159)
21 ( 2.16761, -0.349796)
20 ( 2.1398, -0.342696)
21 ( 2.11339, -0.344804)
21 ( 2.09093, -0.355067)
21 ( 2.07496, -0.372423)
21 ( 2.06719, -0.395215)
21 ( 2.06798, -0.420789)
21 ( 2.07753, -0.446399)
21 ( 2.09607, -0.469294)
21 ( 2.12338, -0.487157)
21 ( 2.15624, -0.500529)
21 ( 2.19026, -0.511124)
21 ( 2.22102, -0.520658)
21 ( 2.24457, -0.530631)
21 ( 2.26007, -0.541071)
21 ( 2.26802, -0.551397)
21 ( 2.26889, -0.561026)
21 ( 2.26316, -0.569375)
21 ( 2.25131, -0.575824)
20 ( 2.23387, -0.57965)
21 ( 2.21134, -0.580115)
21 ( 2.18426, -0.576481)
21 ( 2.15313, -0.568012)
21 ( 2.11869, -0.554882)
20 ( 2.08219, -0.53952)
21 ( 2.04498, -0.524695)
21 ( 2.00839, -0.513181)
21 ( 1.97376, -0.507743)
21 ( 1.94226, -0.510039)
20 ( 1.9147, -0.519133)
20 ( 1.8918, -0.533719)
21 ( 1.87431, -0.552491)
20 ( 1.86298, -0.57414)
21 ( 1.85854, -0.597362)
21 ( 1.86149, -0.620838)
21 ( 1.87143, -0.643212)
21 ( 1.88774, -0.663115)
20 ( 1.9098, -0.679182)
19 ( 1.937, -0.690045)
21 ( 1.96871, -0.694338)
21 ( 2.00423, -0.691061)
20 ( 2.0423, -0.681835)
20 ( 2.0814, -0.669419)
21 ( 2.12002, -0.656572)
21 ( 2.15664, -0.646058)
21 ( 2.18985, -0.640196)
21 ( 2.21881, -0.638897)
21 ( 2.24288, -0.641253)
21 ( 2.26142, -0.646356)
21 ( 2.27377, -0.653298)
21 ( 2.27929, -0.661261)
21 ( 2.27725, -0.669641)
21 ( 2.26694, -0.677866)
21 ( 2.24764, -0.685364)
19 ( 2.2194, -0.69194)
21 ( 2.18654, -0.699454)
20 ( 2.1548, -0.710467)
21 ( 2.12983, -0.727444)
21 ( 2.11464, -0.750047)
21 ( 2.10922, -0.774705)
21 ( 2.11336, -0.797667)
21 ( 2.12665, -0.815378)
21 ( 2.14708, -0.825904)
21 ( 2.17182, -0.828107)
21 ( 2.19803, -0.820855)
21 ( 2.22299, -0.803184)
21 ( 2.24652, -0.777699)
21 ( 2.27082, -0.750451)
21 ( 2.29823, -0.727631)
21 ( 2.33018, -0.713995)
21 ( 2.36406, -0.707664)
21 ( 2.39609, -0.704852)
21 ( 2.42264, -0.701875)
20 ( 2.4439, -0.698004)
21 ( 2.46441, -0.695838)
21 ( 2.48896, -0.698155)
21 ( 2.52027, -0.705806)
21 ( 2.55459, -0.713513)
21 ( 2.58698, -0.715166)
20 ( 2.61458, -0.71078)
21 ( 2.63616, -0.705206)
21 ( 2.65131, -0.701639)
21 ( 2.66101, -0.700145)
21 ( 2.66638, -0.700474)
21 ( 2.66852, -0.702379)
21 ( 2.66856, -0.705611)
21 ( 2.66753, -0.709981)
21 ( 2.66583, -0.715817)
21 ( 2.66355, -0.723698)
21 ( 2.66077, -0.734208)
21 ( 2.65757, -0.747931)
20 ( 2.65404, -0.76545)
21 ( 2.65025, -0.787348)
21 ( 2.64629, -0.814209)
21 ( 2.64223, -0.846615)
20 ( 2.63817, -0.88515)
21 ( 2.63417, -0.930397)
21 ( 2.63034, -0.982939)
20 ( 2.62673, -1.04336)
20 ( 2.62403, -1.10001)
20 ( 2.62127, -1.10261)
20 ( 2.60272, -1.11917)
20 ( 2.58393, -1.13502)
19 ( 2.5649, -1.15015)
20 ( 2.54564, -1.16455)
20 ( 2.52613, -1.17816)
20 ( 2.50635, -1.19085)
20 ( 2.48624, -1.20241)
20 ( 2.46583, -1.21265)
20 ( 2.44512, -1.22137)
20 ( 2.42418, -1.22836)
19 ( 2.4031, -1.23343)
20 ( 2.38191, -1.23654)
20 ( 2.36059, -1.23829)
19 ( 2.3392, -1.23907)
20 ( 2.31772, -1.23892)
20 ( 2.29616, -1.23784)
20 ( 2.27452, -1.23585)
20 ( 2.25281, -1.23296)
20 ( 2.23106, -1.22918)
20 ( 2.20927, -1.22454)
20 ( 2.18747, -1.21904)
20 ( 2.16567, -1.21271)
20 ( 2.14392, -1.20556)
20 ( 2.12222, -1.19763)
20 ( 2.10062, -1.18893)
19 ( 2.07913, -1.1795)
20 ( 2.05778, -1.16935)
20 ( 2.03661, -1.15852)
20 ( 2.01563, -1.14705)
20 ( 1.99489, -1.13495)
19 ( 1.9744, -1.12228)
20 ( 1.95419, -1.10905)
20 ( 1.93429, -1.09532)
20 ( 1.91473, -1.08111)
20 ( 1.89552, -1.06646)
20 ( 1.87671, -1.05141)
19 ( 1.8583, -1.03599)
20 ( 1.84032, -1.02026)
20 ( 1.82281, -1.00424)
21 ( 1.80577, -0.987975)
21 ( 1.78924, -0.971508)
20 ( 1.77323, -0.95488)
21 ( 1.75778, -0.938131)
21 ( 1.74289, -0.921305)
21 ( 1.72858, -0.904432)
21 ( 1.71482, -0.887503)
19 ( 1.7016, -0.87051)
21 ( 1.68887, -0.853446)
21 ( 1.67661, -0.836307)
20 ( 1.6648, -0.819087)
20 ( 1.65341, -0.80178)
21 ( 1.64242, -0.784384)
21 ( 1.63181, -0.766893)
21 ( 1.62154, -0.749303)
20 ( 1.6116, -0.731613)
21 ( 1.60197, -0.713819)
21 ( 1.59262, -0.695919)
21 ( 1.58352, -0.677914)
21 ( 1.57467, -0.659801)
21 ( 1.56602, -0.641581)
21 ( 1.55757, -0.623255)
21 ( 1.54928, -0.604824)
21 ( 1.54114, -0.586289)
21 ( 1.53312, -0.567652)
20 ( 1.5252, -0.548917)
21 ( 1.51735, -0.530085)
20 ( 1.50955, -0.51116)
21 ( 1.50177, -0.492145)
19 ( 1.494, -0.473045)
21 ( 1.48621, -0.453863)
21 ( 1.47837, -0.434604)
21 ( 1.47045, -0.415273)
21 ( 1.46243, -0.395873)
20 ( 1.4543, -0.376411)
21 ( 1.44601, -0.356891)
21 ( 1.43754, -0.337319)
21 ( 1.42888, -0.317701)
21 ( 1.41999, -0.298044)
21 ( 1.41087, -0.278398)
21 ( 1.40153, -0.258786)
21 ( 1.39197, -0.239221)
21 ( 1.38219, -0.219715)
21 ( 1.37219, -0.200283)
21 ( 1.36196, -0.180936)
21 ( 1.35152, -0.161687)
21 ( 1.34086, -0.142549)
21 ( 1.32999, -0.123535)
21 ( 1.31889, -0.104657)
22 ( 1.30758, -0.0859302)
22 ( 1.29605, -0.0673659)
21 ( 1.2843, -0.0489775)
22 ( 1.27233, -0.0307781)
21 ( 1.26015, -0.012781)
22 ( 1.24776, 0.00500068)
21 ( 1.23515, 0.0225537)
21 ( 1.22233, 0.0398648)
21 ( 1.20929, 0.0569207)
21 ( 1.19604, 0.0737078)
21 ( 1.18257, 0.0902128)
20 ( 1.16889, 0.106422)
18 ( 1.155, 0.122322)
19 ( 1.1409, 0.137899)
20 ( 1.12659, 0.153139)
20 ( 1.11207, 0.168029)
20 ( 1.09733, 0.182555)
20 ( 1.08239, 0.196702)
20 ( 1.06724, 0.210456)
20 ( 1.05188, 0.223804)
20 ( 1.03631, 0.236731)
20 ( 1.02054, 0.249223)
20 ( 1.00457, 0.261265)
21 ( 0.988389, 0.272843)
21 ( 0.972009, 0.283942)
20 ( 0.95543, 0.294547)
21 ( 0.938653, 0.304645)
20 ( 0.92168, 0.314219)
21 ( 0.904515, 0.323256)
21 ( 0.887159, 0.331741)
21 ( 0.869616, 0.339659)
21 ( 0.851889, 0.346996)
21 ( 0.833981, 0.353737)
21 ( 0.815897, 0.359869)
20 ( 0.79764, 0.365377)
21 ( 0.779215, 0.370248)
21 ( 0.760626, 0.374468)
21 ( 0.741877, 0.378026)
21 ( 0.722974, 0.380907)
20 ( 0.70392, 0.383101)
20 ( 0.68472, 0.384597)
21 ( 0.665379, 0.385381)
21 ( 0.645899, 0.385445)
21 ( 0.626285, 0.384777)
20 ( 0.60654, 0.383368)
21 ( 0.586666, 0.381208)
21 ( 0.566665, 0.378287)
20 ( 0.54654, 0.374595)
21 ( 0.526291, 0.370124)
21 ( 0.505918, 0.364863)
21 ( 0.485423, 0.358802)
21 ( 0.464804, 0.351933)
21 ( 0.444061, 0.344245)
21 ( 0.423192, 0.335728)
20 ( 0.402197, 0.32637)
21 ( 0.381073, 0.316162)
21 ( 0.359819, 0.305092)
21 ( 0.338433, 0.293148)
21 ( 0.316913, 0.280319)
21 ( 0.295257, 0.266593)
21 ( 0.273464, 0.251958)
18 ( 0.25153, 0.2364)
21 ( 0.229454, 0.219907)
21 ( 0.207235, 0.202467)
21 ( 0.184871, 0.184066)
19 ( 0.16236, 0.16469)
21 ( 0.139702, 0.144327)
21 ( 0.116893, 0.122964)
22 ( 0.0939342, 0.100586)
23 ( 0.0708236, 0.0771797)
23 ( 0.0475605, 0.0527322)
27 ( 0.000594339, 0.000638733)
23 ( 0.0250181, 0.0264137)
23 ( 0.0492642, 0.0510839)
23 ( 0.0733306, 0.0746619)
23 ( 0.0972152, 0.0971603)
21 ( 0.120915, 0.118592)
21 ( 0.144429, 0.138968)
21 ( 0.167753, 0.158304)
20 ( 0.190886, 0.17661)
19 ( 0.213823, 0.1939)
21 ( 0.236563, 0.210187)
21 ( 0.259102, 0.225484)
21 ( 0.281437, 0.239804)
21 ( 0.303565, 0.253161)
21 ( 0.325483, 0.265569)
21 ( 0.347186, 0.277041)
21 ( 0.368672, 0.287592)
21 ( 0.389938, 0.297235)
21 ( 0.410979, 0.305987)
21 ( 0.431794, 0.313861)
21 ( 0.452378, 0.320873)
21 ( 0.472729, 0.327039)
21 ( 0.492845, 0.332374)
21 ( 0.512723, 0.336896)
21 ( 0.532361, 0.340619)
21 ( 0.551759, 0.343561)
21 ( 0.570916, 0.345739)
20 ( 0.58983, 0.347169)
21 ( 0.608503, 0.347868)
21 ( 0.626935, 0.347851)
21 ( 0.645128, 0.347137)
21 ( 0.663082, 0.345741)
21 ( 0.680801, 0.343678)
21 ( 0.698286, 0.340965)
21 ( 0.715541, 0.337616)
21 ( 0.732568, 0.333646)
20 ( 0.749371, 0.32907)
19 ( 0.765952, 0.3239)
20 ( 0.782315, 0.31815)
21 ( 0.798463, 0.311834)
21 ( 0.814399, 0.304965)
21 ( 0.830124, 0.297553)
21 ( 0.845643, 0.289612)
21 ( 0.860956, 0.281153)
21 ( 0.876066, 0.272189)
20 ( 0.890974, 0.26273)
21 ( 0.905682, 0.252788)
20 ( 0.92019, 0.242376)
19 ( 0.9345, 0.231503)
21 ( 0.948612, 0.220183)
21 ( 0.962526, 0.208426)
21 ( 0.976243, 0.196244)
21 ( 0.989763, 0.183648)
20 ( 1.00308, 0.170652)
20 ( 1.01621, 0.157265)
20 ( 1.02913, 0.143501)
20 ( 1.04186, 0.129372)
20 ( 1.05439, 0.114888)
20 ( 1.06671, 0.100064)
21 ( 1.07884, 0.0849109)
21 ( 1.09076, 0.0694411)
21 ( 1.10248, 0.0536672)
19 ( 1.114, 0.0376018)
21 ( 1.12531, 0.0212575)
22 ( 1.13642, 0.00464695)
21 ( 1.14732, -0.012217)
22 ( 1.15802, -0.0293217)
21 ( 1.1685, -0.0466541)
22 ( 1.17878, -0.0642014)
22 ( 1.18884, -0.0819506)
21 ( 1.1987, -0.0998887)
21 ( 1.20834, -0.118003)
21 ( 1.21777, -0.136279)
21 ( 1.22698, -0.154705)
21 ( 1.23598, -0.173268)
21 ( 1.24476, -0.191953)
21 ( 1.25333, -0.210749)
21 ( 1.26168, -0.229641)
21 ( 1.26981, -0.248616)
21 ( 1.27772, -0.267661)
21 ( 1.28541, -0.286762)
21 ( 1.29287, -0.305906)
20 ( 1.30012, -0.32508)
21 ( 1.30714, -0.344269)
21 ( 1.31394, -0.363474)
21 ( 1.32056, -0.382731)
21 ( 1.32701, -0.402047)
21 ( 1.33334, -0.421424)
21 ( 1.33956, -0.440865)
21 ( 1.34569, -0.460375)
21 ( 1.35178, -0.479955)
21 ( 1.35783, -0.499608)
21 ( 1.36389, -0.519336)
21 ( 1.36997, -0.539142)
20 ( 1.3761, -0.559027)
21 ( 1.38232, -0.578993)
21 ( 1.38864, -0.599041)
20 ( 1.3951, -0.619172)
21 ( 1.40173, -0.639387)
21 ( 1.40855, -0.659685)
21 ( 1.41559, -0.680068)
21 ( 1.42288, -0.700533)
20 ( 1.43044, -0.72108)
21 ( 1.43832, -0.741707)
21 ( 1.44654, -0.762413)
21 ( 1.45512, -0.783193)
20 ( 1.4641, -0.804045)
21 ( 1.47351, -0.824965)
21 ( 1.48336, -0.845947)
21 ( 1.49371, -0.866988)
20 ( 1.50456, -0.88808)
21 ( 1.51595, -0.909218)
21 ( 1.52791, -0.930394)
21 ( 1.54046, -0.951602)
21 ( 1.55363, -0.972834)
21 ( 1.56745, -0.994082)
20 ( 1.58193, -1.01534)
20 ( 1.59711, -1.03659)
19 ( 1.61298, -1.0578)
20 ( 1.62952, -1.07893)
20 ( 1.64672, -1.09995)
20 ( 1.66456, -1.12082)
20 ( 1.68305, -1.14151)
20 ( 1.70216, -1.16198)
19 ( 1.72189, -1.1822)
20 ( 1.74223, -1.20214)
20 ( 1.76317, -1.22176)
19 ( 1.7847, -1.24103)
19 ( 1.80682, -1.2599)
20 ( 1.82952, -1.27834)
20 ( 1.85278, -1.29631)
20 ( 1.87662, -1.31378)
20 ( 1.90101, -1.33069)
20 ( 1.92596, -1.34702)
20 ( 1.95145, -1.36272)
19 ( 1.9775, -1.37775)
20 ( 2.00408, -1.39206)
18 ( 2.0312, -1.4056)
20 ( 2.05884, -1.41833)
19 ( 2.08702, -1.4302)
20 ( 2.11571, -1.44115)
20 ( 2.14492, -1.45113)
19 ( 2.17462, -1.4601)
20 ( 2.20482, -1.46797)
20 ( 2.23548, -1.47471)
20 ( 2.26661, -1.48025)
20 ( 2.29817, -1.48452)
20 ( 2.33014, -1.48747)
20 ( 2.36249, -1.48904)
20 ( 2.39518, -1.48917)
20 ( 2.42821, -1.48819)
20 ( 2.46156, -1.48663)
20 ( 2.49517, -1.48448)
20 ( 2.52909, -1.48158)
20 ( 2.56332, -1.47774)
19 ( 2.59781, -1.4728)
19 ( 2.63251, -1.4666)
20 ( 2.66733, -1.45898)
19 ( 2.70216, -1.4498)
20 ( 2.73694, -1.43908)
19 ( 2.7716, -1.42681)
20 ( 2.80609, -1.41302)
20 ( 2.84036, -1.39773)
20 ( 2.85647, -1.38979)
20 ( 2.87631, -1.39069)
20 ( 2.94518, -1.39343)
20 ( 3.00627, -1.39547)
20 ( 3.06008, -1.39688)
20 ( 3.10709, -1.39774)
19 ( 3.1478, -1.39812)
19 ( 3.1827, -1.39811)
20 ( 3.21228, -1.39779)
20 ( 3.23705, -1.39722)
19 ( 3.25747, -1.3965)
20 ( 3.27407, -1.39569)
20 ( 3.28731, -1.39488)
19 ( 3.2977, -1.39414)
20 ( 3.30573, -1.39355)
20 ( 3.31189, -1.39319)
19 ( 3.3167, -1.39322)
20 ( 3.32094, -1.39451)
19 ( 3.3255, -1.39832)
20 ( 3.33128, -1.40591)
19 ( 3.3392, -1.41855)
20 ( 3.35014, -1.43748)
20 ( 3.36517, -1.46318)
20 ( 3.38596, -1.49258)
20 ( 3.41371, -1.52158)
20 ( 3.44229, -1.54594)
20 ( 3.46177, -1.56175)
20 ( 3.46974, -1.57115)
20 ( 3.46948, -1.58088)
20 ( 3.46413, -1.59724)
20 ( 3.45324, -1.61937)
20 ( 3.43386, -1.64138)
20 ( 3.40349, -1.65781)
19 ( 3.36591, -1.6696)
20 ( 3.32907, -1.68198)
20 ( 3.30061, -1.69985)
19 ( 3.2835, -1.72322)
19 ( 3.2773, -1.74849)
20 ( 3.28146, -1.77198)
20 ( 3.29533, -1.79011)
19 ( 3.3167, -1.80069)
19 ( 3.34221, -1.8025)
20 ( 3.36846, -1.79439)
20 ( 3.39243, -1.77583)
20 ( 3.41363, -1.75076)
20 ( 3.43252, -1.72488)
19 ( 3.4496, -1.70392)
20 ( 3.46521, -1.69162)
20 ( 3.47936, -1.68759)
18 ( 3.492, -1.69092)
20 ( 3.50309, -1.70069)
20 ( 3.51255, -1.71602)
20 ( 3.51972, -1.73628)
20 ( 3.52373, -1.76095)
20 ( 3.52368, -1.78953)
19 ( 3.51867, -1.8215)
20 ( 3.50824, -1.85629)
20 ( 3.49428, -1.89288)
20 ( 3.47957, -1.93015)
20 ( 3.46685, -1.96695)
20 ( 3.45888, -2.00213)
20 ( 3.45809, -2.03459)
20 ( 3.46437, -2.06351)
20 ( 3.47649, -2.08819)
19 ( 3.4932, -2.10793)
20 ( 3.51328, -2.12203)
20 ( 3.53546, -2.12981)
19 ( 3.55852, -2.1306)
20 ( 3.58118, -2.12436)
19 ( 3.60218, -2.1117)
20 ( 3.62023, -2.09324)
20 ( 3.63407, -2.06962)
20 ( 3.64241, -2.04145)
20 ( 3.64399, -2.00937)
20 ( 3.63875, -1.97423)
20 ( 3.62901, -1.93735)
20 ( 3.61732, -1.90007)
20 ( 3.60627, -1.86376)
20 ( 3.59842, -1.82977)
20 ( 3.59562, -1.79921)
20 ( 3.59751, -1.77251)
20 ( 3.60331, -1.74993)
20 ( 3.61225, -1.73177)
20 ( 3.62357, -1.71831)
20 ( 3.63655, -1.70987)
20 ( 3.65084, -1.70705)
20 ( 3.66616, -1.71054)
20 ( 3.68226, -1.72099)
20 ( 3.69887, -1.73909)
20 ( 3.71593, -1.76445)
20 ( 3.73405, -1.79341)
20 ( 3.75399, -1.82167)
20 ( 3.77649, -1.84491)
20 ( 3.80189, -1.85946)
20 ( 3.82845, -1.86496)
20 ( 3.85374, -1.86219)
20 ( 3.87531, -1.85192)
19 ( 3.89075, -1.8349)
20 ( 3.89837, -1.81259)
19 ( 3.8977, -1.78745)
20 ( 3.88837, -1.76204)
17 ( 3.87, -1.73892)
20 ( 3.84245, -1.72042)
20 ( 3.80839, -1.70617)
20 ( 3.77232, -1.69401)
20 ( 3.73878, -1.68178)
20 ( 3.71196, -1.66751)
20 ( 3.69302, -1.65125)
19 ( 3.68151, -1.6341)
20 ( 3.67696, -1.61718)
20 ( 3.67896, -1.60159)
19 ( 3.68757, -1.5884)
20 ( 3.70319, -1.57866)
19 ( 3.72619, -1.5734)
20 ( 3.75663, -1.57329)
20 ( 3.79176, -1.57566)
20 ( 3.82734, -1.57606)
20 ( 3.85911, -1.57005)
20 ( 3.88378, -1.55543)
19 ( 3.9001, -1.53484)
20 ( 3.90711, -1.51151)
20 ( 3.90383, -1.48871)
19 ( 3.8903, -1.46943)
20 ( 3.86865, -1.45618)
19 ( 3.84129, -1.4514)
20 ( 3.81063, -1.45751)
20 ( 3.77875, -1.47458)
20 ( 3.74694, -1.49678)
20 ( 3.71637, -1.51734)
19 ( 3.68818, -1.5302)
20 ( 3.66353, -1.53453)
19 ( 3.64354, -1.5318)
20 ( 3.62935, -1.52351)
20 ( 3.62232, -1.51058)
19 ( 3.62409, -1.4932)
19 ( 3.6363, -1.47154)
20 ( 3.65717, -1.44614)
20 ( 3.67774, -1.41827)
20 ( 3.68836, -1.38935)
20 ( 3.68523, -1.36237)
20 ( 3.67127, -1.34204)
20 ( 3.64976, -1.33313)
20 ( 3.62528, -1.33816)
20 ( 3.60406, -1.35662)
20 ( 3.59232, -1.38775)
19 ( 3.5902, -1.42649)
20 ( 3.58912, -1.46172)
18 ( 3.582, -1.48401)
20 ( 3.57261, -1.49477)
20 ( 3.56778, -1.49857)
20 ( 3.56928, -1.49711)
20 ( 3.57266, -1.48865)
20 ( 3.57315, -1.47126)
20 ( 3.56725, -1.44426)
20 ( 3.55441, -1.40994)
20 ( 3.53466, -1.37103)
19 ( 3.5103, -1.33086)
20 ( 3.48511, -1.29313)
20 ( 3.46289, -1.26156)
20 ( 3.44635, -1.23874)
19 ( 3.4345, -1.22363)
20 ( 3.42565, -1.21448)
20 ( 3.41812, -1.20951)
19 ( 3.4102, -1.20697)
20 ( 3.40023, -1.20512)
20 ( 3.38717, -1.20301)
20 ( 3.37077, -1.20065)
19 ( 3.3508, -1.19811)
20 ( 3.32705, -1.19543)
19 ( 3.29931, -1.1927)
20 ( 3.26737, -1.18997)
17 ( 3.231, -1.1873)
17 ( 3.19, -1.18476)
19 ( 3.14415, -1.1824)
20 ( 3.14346, -1.18238)
19 ( 3.15942, -1.1664)
20 ( 3.18787, -1.13587)
19 ( 3.2155, -1.10408)
20 ( 3.24226, -1.07105)
19 ( 3.2681, -1.03681)
20 ( 3.29297, -1.00138)
21 ( 3.31682, -0.964802)
21 ( 3.33953, -0.927251)
21 ( 3.36085, -0.889359)
21 ( 3.38085, -0.851302)
21 ( 3.39965, -0.813208)
21 ( 3.41732, -0.775204)
21 ( 3.43396, -0.737414)
21 ( 3.44962, -0.699965)
20 ( 3.4644, -0.662985)
21 ( 3.47835, -0.626606)
21 ( 3.49154, -0.590963)
21 ( 3.50403, -0.556198)
21 ( 3.51588, -0.522455)
21 ( 3.52714, -0.489884)
21 ( 3.53784, -0.458642)
21 ( 3.54636, -0.433711)
20 ( 3.5464, -0.433874)
21 ( 3.55577, -0.467587)
21 ( 3.56444, -0.497539)
20 ( 3.57241, -0.52393)
20 ( 3.57968, -0.54696)
21 ( 3.58624, -0.566829)
20 ( 3.5921, -0.583735)
21 ( 3.59725, -0.597878)
20 ( 3.6017, -0.609457)
21 ( 3.60543, -0.618672)
21 ( 3.60856, -0.625753)
21 ( 3.61213, -0.631245)
20 ( 3.61775, -0.63587)
20 ( 3.62702, -0.64035)
20 ( 3.64154, -0.64541)
21 ( 3.66292, -0.651773)
21 ( 3.69262, -0.660089)
21 ( 3.72923, -0.669618)
20 ( 3.76885, -0.67841)
20 ( 3.8075, -0.684472)
21 ( 3.84158, -0.686432)
21 ( 3.86915, -0.685547)
21 ( 3.88873, -0.683765)
21 ( 3.90075, -0.683048)
20 ( 3.90859, -0.68538)
19 ( 3.9159, -0.69275)
21 ( 3.92456, -0.706659)
21 ( 3.92923, -0.726584)
21 ( 3.92288, -0.751457)
21 ( 3.90675, -0.779545)
21 ( 3.89238, -0.808297)
20 ( 3.88978, -0.83502)
20 ( 3.8984, -0.856609)
21 ( 3.91441, -0.869831)
21 ( 3.93397, -0.871794)
20 ( 3.95297, -0.86288)
20 ( 3.9672, -0.845282)
21 ( 3.97295, -0.821345)
21 ( 3.97192, -0.794771)
19 ( 3.969, -0.770061)
19 ( 3.9689, -0.75152)
20 ( 3.97337, -0.74048)
21 ( 3.98189, -0.736054)
21 ( 3.99393, -0.737304)
21 ( 4.00891, -0.743319)
21 ( 4.02599, -0.753755)
21 ( 4.04408, -0.768771)
21 ( 4.06207, -0.788549)
21 ( 4.07885, -0.813266)
21 ( 4.09358, -0.842815)
21 ( 4.10688, -0.875429)
21 ( 4.11989, -0.908747)
21 ( 4.13376, -0.940409)
21 ( 4.14964, -0.968055)
21 ( 4.16845, -0.989574)
20 ( 4.18964, -1.00456)
20 ( 4.21203, -1.01333)
20 ( 4.23442, -1.01618)
20 ( 4.25563, -1.01343)
20 ( 4.27448, -1.00538)
21 ( 4.28979, -0.992367)
21 ( 4.30073, -0.975093)
21 ( 4.30685, -0.954681)
21 ( 4.30769, -0.932276)
21 ( 4.30282, -0.909019)
21 ( 4.29179, -0.886055)
21 ( 4.27417, -0.864524)
21 ( 4.25031, -0.845069)
21 ( 4.22239, -0.827194)
20 ( 4.19285, -0.81025)
21 ( 4.16412, -0.793586)
21 ( 4.13862, -0.776551)
20 ( 4.1183, -0.758721)
21 ( 4.10327, -0.740529)
21 ( 4.09319, -0.722605)
21 ( 4.08776, -0.705582)
21 ( 4.08663, -0.690092)
21 ( 4.08954, -0.676762)
21 ( 4.09659, -0.666188)
21 ( 4.10798, -0.658954)
21 ( 4.12397, -0.655642)
21 ( 4.14476, -0.656837)
21 ( 4.17024, -0.662553)
21 ( 4.19877, -0.670304)
21 ( 4.22829, -0.676918)
21 ( 4.25673, -0.679221)
20 ( 4.2821, -0.674438)
21 ( 4.30302, -0.662967)
20 ( 4.3184, -0.646717)
21 ( 4.32713, -0.627609)
21 ( 4.32812, -0.607562)
21 ( 4.32091, -0.588477)
21 ( 4.30656, -0.572205)
21 ( 4.28634, -0.560594)
20 ( 4.2615, -0.555489)
21 ( 4.23334, -0.558614)
21 ( 4.20328, -0.568868)
20 ( 4.1729, -0.582324)
21 ( 4.14382, -0.594935)
21 ( 4.11758, -0.602801)
20 ( 4.09511, -0.60463)
21 ( 4.07678, -0.601329)
21 ( 4.06296, -0.593878)
19 ( 4.054, -0.583243)
21 ( 4.05053, -0.570135)
21 ( 4.05337, -0.555003)
21 ( 4.06339, -0.538283)
21 ( 4.08129, -0.520391)
21 ( 4.10466, -0.501364)
21 ( 4.12829, -0.480891)
21 ( 4.14685, -0.458649)
21 ( 4.15611, -0.434798)
21 ( 4.15622, -0.411472)
21 ( 4.14849, -0.391308)
21 ( 4.13422, -0.376941)
21 ( 4.11496, -0.370609)
21 ( 4.09338, -0.372879)
21 ( 4.07245, -0.383879)
21 ( 4.05511, -0.403741)
21 ( 4.04357, -0.431956)
21 ( 4.03591, -0.464651)
20 ( 4.0289, -0.496854)
21 ( 4.01942, -0.523726)
21 ( 4.00681, -0.543075)
21 ( 3.99257, -0.555105)
21 ( 3.97832, -0.560102)
21 ( 3.96553, -0.558066)
21 ( 3.95541, -0.548246)
21 ( 3.94911, -0.529774)
21 ( 3.94686, -0.502809)
21 ( 3.94455, -0.472509)
21 ( 3.93673, -0.445542)
21 ( 3.92059, -0.427173)
19 ( 3.89999, -0.4191)
21 ( 3.87985, -0.422466)
20 ( 3.8648, -0.437273)
21 ( 3.85864, -0.460023)
21 ( 3.86497, -0.486541)
21 ( 3.88431, -0.513117)
21 ( 3.90628, -0.537669)
21 ( 3.91885, -0.558456)
21 ( 3.92105, -0.573517)
21 ( 3.92026, -0.580724)
21 ( 3.92062, -0.578777)
21 ( 3.91586, -0.568906)
21 ( 3.89805, -0.552913)
21 ( 3.86787, -0.535082)
21 ( 3.83539, -0.522205)
20 ( 3.80662, -0.51594)
20 ( 3.7833, -0.513035)
20 ( 3.7663, -0.510882)
21 ( 3.75477, -0.508924)
20 ( 3.7476, -0.506918)
21 ( 3.74368, -0.504619)
21 ( 3.74189, -0.501783)
21 ( 3.74112, -0.498165)
21 ( 3.74051, -0.493481)
21 ( 3.73985, -0.487354)
21 ( 3.73899, -0.479396)
21 ( 3.73776, -0.469218)
20 ( 3.73604, -0.45643)
21 ( 3.73367, -0.440644)
19 ( 3.7305, -0.42147)
20 ( 3.72639, -0.39852)
21 ( 3.72119, -0.371405)
21 ( 3.71475, -0.339734)
21 ( 3.70693, -0.303121)
21 ( 3.69758, -0.261175)
21 ( 3.68654, -0.213507)
21 ( 3.67999, -0.186102)
20 ( 3.69732, -0.18144)
21 ( 3.71752, -0.177194)
21 ( 3.73931, -0.173739)
21 ( 3.76255, -0.171133)
21 ( 3.78712, -0.169416)
21 ( 3.81263, -0.168622)
21 ( 3.83882, -0.168858)
21 ( 3.86569, -0.171945)
21 ( 3.89303, -0.184557)
21 ( 3.92099, -0.205566)
20 ( 3.94988, -0.23126)
20 ( 3.98001, -0.25793)
20 ( 4.0117, -0.281867)
19 ( 4.04523, -0.2995)
21 ( 4.07597, -0.311708)
